# mass_Mjup age_Gyr logL_Lsun Teff_K logg_cgs radius_Rjup
62.853931 1.0190781 -4.2570998 1688.6489 5.3381698 0.84564697
62.853931 1.6042787 -4.4972781 1498.1332 5.3703924 0.81485026
62.853931 2.4312091 -4.7275059 1331.6666 5.3960005 0.79117716
62.853931 3.7838384 -4.9673891 1175.6591 5.4194273 0.77012343
62.853931 5.6581986 -5.1542129 1067.0945 5.4379369 0.7538858
62.853931 9.6160061 -5.3671943 957.72539 5.4630709 0.73238352
62.853931 13.5 -5.5506004 869.46921 5.4785297 0.7194641
66.956503 1.3644931 -4.3222744 1649.5278 5.3900858 0.82216931
66.956503 2.1258509 -4.5636086 1461.0268 5.4206142 0.79377436
66.956503 3.2586961 -4.7978028 1295.4354 5.4458387 0.77105404
66.956503 5.1169722 -5.0461774 1137.5426 5.4684209 0.75126593
66.956503 7.5970777 -5.2064122 1048.1956 5.4865545 0.73574432
66.956503 12.820488 -5.4378352 930.69606 5.5114395 0.71496436
66.956503 13.5 -5.467227 916.34806 5.5138418 0.71298974
71.111056 1.1529197 -4.1459618 1813.0494 5.4041176 0.83371486
71.111056 1.8513076 -4.3878727 1610.1521 5.4398575 0.80010607
71.111056 2.8777279 -4.6363749 1419.3303 5.4692261 0.77350528
71.111056 4.4968498 -4.8709944 1258.2272 5.4945479 0.75128099
71.111056 6.8727287 -5.1069927 1111.5554 5.5152343 0.73359975
71.111056 10.983639 -5.2935467 1011.4306 5.5378084 0.7147796
71.111056 13.5 -5.3966193 958.6364 5.5477521 0.70664333
73.329586 1.2485648 -4.1348482 1830.5685 5.4230514 0.8283649
73.329586 1.9985423 -4.3738916 1628.238 5.4586225 0.79512634
73.329586 3.0943295 -4.6192075 1438.0958 5.4882181 0.7684902
73.329586 4.7368688 -4.8431353 1282.3562 5.5130293 0.74684889
73.329586 7.48867 -5.0905551 1127.1648 5.5363641 0.72705181
73.329586 11.603858 -5.2817484 1022.2284 5.5577995 0.70932891
73.329586 13.5 -5.3591379 981.858 5.565192 0.70331744
76.577451 1.3166161 -4.072634 1898.1559 5.4426425 0.82763147
76.577451 2.1300195 -4.3154364 1685.8128 5.4793548 0.79337923
76.577451 3.3454725 -4.5601314 1491.5605 5.5113759 0.76466339
76.577451 5.1466979 -4.7943973 1323.6681 5.5381948 0.74141406
76.577451 8.0966949 -5.0389305 1166.6395 5.5633583 0.72024304
76.577451 12.260731 -5.2478993 1047.1277 5.5845789 0.70285988
76.577451 13.5 -5.2983281 1020.0006 5.5894108 0.69896082
78.928125 1.2307221 -3.964057 2008.7443 5.4455676 0.83741332
78.928125 2.0149762 -4.2079069 1784.2538 5.4835453 0.80158761
78.928125 3.2894261 -4.4551061 1579.9979 5.519544 0.76904483
78.928125 4.893689 -4.6851125 1405.9472 5.5468003 0.74528691
78.928125 7.5244103 -4.9210461 1246.4333 5.5735342 0.72269752
78.928125 11.456482 -5.1642672 1098.2486 5.5968818 0.70353028
78.928125 13.5 -5.2509268 1050.1009 5.6056628 0.69645369
79.598472 1.0312133 -3.8473602 2127.6199 5.4324212 0.85378695
79.598472 1.6531421 -4.0852099 1896.4656 5.4704747 0.81718955
79.598472 2.7671219 -4.3350871 1678.7616 5.5085281 0.78216087
79.598472 4.3458971 -4.5863216 1480.2975 5.5412025 0.75328428
79.598472 6.6293155 -4.8225352 1312.9257 5.5689807 0.72957474
79.598472 9.9281541 -5.0572236 1163.0947 5.5931688 0.70953815
79.598472 13.5 -5.2291116 1063.7536 5.6099607 0.69595284
81.247134 1.3378616 -3.9167585 2063.4283 5.4575042 0.8380303
81.247134 2.2368862 -4.157462 1836.0655 5.4954029 0.80225116
81.247134 3.7549768 -4.4088294 1623.8619 5.5334139 0.76790036
81.247134 5.6373955 -4.6514287 1436.7079 5.5632908 0.74193591
81.247134 8.6215279 -4.901329 1265.297 5.592487 0.71741143
81.247134 12.486733 -5.1334791 1121.6191 5.6152488 0.69885552
81.247134 13.5 -5.1849248 1091.6792 5.6196932 0.69528876
82.559956 1.645519 -3.9542123 2030.6919 5.474138 0.82874989
82.559956 2.8453948 -4.1940597 1807.8532 5.5120619 0.79334399
82.559956 4.6772906 -4.4427138 1600.4882 5.5490732 0.76024907
82.559956 6.7308162 -4.6712937 1425.9023 5.5770023 0.73619242
82.559956 10.075282 -4.9264913 1252.3805 5.6067861 0.71137637
82.559956 13.5 -5.1270477 1128.221 5.6259739 0.69583385
82.939496 1.4675077 -3.8838664 2102.2257 5.4659253 0.83854396
82.939496 2.4994969 -4.1135216 1881.1769 5.5025816 0.80389189
82.939496 4.3868844 -4.3756745 1655.7241 5.5429679 0.76736947
82.939496 6.4343316 -4.6132069 1469.3231 5.5730176 0.74127557
82.939496 9.4804848 -4.8595002 1297.2771 5.6029727 0.71614689
82.939496 13.486906 -5.0994912 1145.8234 5.6273035 0.69636463
82.939496 13.5 -5.1076374 1140.5035 5.6273654 0.69631507
83.874837 1.257841 -3.7753018 2216.8906 5.4544907 0.85443349
83.874837 2.2487 -4.0106644 1980.2044 5.4937163 0.81670548
83.874837 4.046737 -4.2539518 1760.3555 5.5325651 0.78098209
83.874837 6.3517701 -4.5077509 1552.4825 5.5680696 0.74970229
83.874837 9.0035669 -4.74314 1378.827 5.5973909 0.72481666
83.874837 12.645724 -4.9909774 1214.4372 5.6246895 0.70239085
83.874837 13.5 -5.0383063 1185.0201 5.6294209 0.69857517
84.093454 1.3099329 -3.7813498 2211.3027 5.457285 0.85279843
84.093454 2.402183 -4.0210943 1970.9584 5.4971464 0.81454607
84.093454 4.4950719 -4.2824521 1736.7091 5.5387027 0.77649294
84.093454 6.7543136 -4.5221222 1541.815 5.5715935 0.74763925
84.093454 9.6001889 -4.7636434 1365.268 5.6018574 0.72203822
84.093454 13.256742 -5.0075999 1204.4427 5.6280868 0.70056024
84.093454 13.5 -5.0243352 1193.824 5.6294387 0.69947065
84.819361 1.6655278 -3.8367194 2156.4427 5.4727463 0.84136053
84.819361 3.1749106 -4.0671154 1930.409 5.5107878 0.80530685
84.819361 5.7778403 -4.3255073 1702.5607 5.5509928 0.76888058
84.819361 8.6181856 -4.5897758 1491.8552 5.5857576 0.73871428
84.819361 11.943346 -4.8350441 1318.747 5.6167651 0.71280823
84.819361 13.5 -4.9373344 1251.1793 5.6276877 0.70390075
85.313031 1.3936043 -3.7454241 2253.2183 5.4602326 0.85605001
85.313031 2.6514852 -3.9652469 2028.8428 5.497836 0.8197803
85.313031 5.2819966 -4.2113957 1801.618 5.537642 0.78305897
85.313031 8.5949355 -4.4898386 1570.6024 5.5776992 0.74776627
85.313031 11.768696 -4.7394741 1385.3952 5.6093643 0.72099678
85.313031 13.5 -4.8589429 1303.931 5.6235568 0.70931157
85.518999 1.3598337 -3.7263891 2274.1021 5.4582717 0.85901994
85.518999 2.6009948 -3.9417689 2052.7473 5.4957535 0.82273942
85.518999 5.468871 -4.1952823 1816.5252 5.5368907 0.7846821
85.518999 9.0601928 -4.4817411 1577.6263 5.5784004 0.74806423
85.518999 12.225749 -4.7275931 1394.245 5.6095922 0.72167722
85.518999 13.5 -4.8154022 1333.8012 5.6204093 0.71274544
85.868103 1.1291188 -3.638373 2371.4058 5.4448085 0.87421741
85.868103 2.3030338 -3.8747714 2121.1167 5.4874416 0.83234407
85.868103 5.2241098 -4.1223557 1883.1632 5.5283196 0.79407939
85.868103 8.7871079 -4.3678369 1670.7089 5.565852 0.76049735
85.868103 11.924051 -4.6142164 1476.4115 5.597458 0.73332198
85.868103 13.5 -4.7269583 1395.4 5.6121651 0.72100976
85.956193 1.540037 -3.7447407 2256.1334 5.4650571 0.8545113
85.956193 3.304258 -3.9723085 2024.1778 5.5041604 0.81689481
85.956193 6.9754372 -4.2222315 1794.2599 5.5446302 0.7797067
85.956193 10.544469 -4.4753525 1583.9412 5.581166 0.74758978
85.956193 13.5 -4.6976468 1416.4735 5.609338 0.72373133
86.209161 1.5462403 -3.7319901 2270.5237 5.4646278 0.85619084
86.209161 3.3376326 -3.9492709 2047.6982 5.5024682 0.81969139
86.209161 6.5530926 -4.1447014 1864.0441 5.5346597 0.78986822
86.209161 9.8868815 -4.3419735 1693.0451 5.5647812 0.76294614
86.209161 13.5 -4.6052263 1483.9848 5.5990776 0.73340803
86.403072 1.0083472 -3.5696568 2449.6539 5.435185 0.8867064
86.403072 1.9696038 -3.7911619 2208.9407 5.4770074 0.84502324
86.403072 4.3615178 -3.9950016 2003.8667 5.5115862 0.81204347
86.403072 7.9638506 -4.1741111 1838.2224 5.5408126 0.7851743
86.403072 11.698749 -4.3819955 1660.6499 5.5722172 0.75729272
86.403072 13.5 -4.5086173 1558.7472 5.5888294 0.74294675
86.482875 1.1817017 -3.6250278 2388.3977 5.4469646 0.87516614
86.482875 2.3851387 -3.8375201 2161.137 5.4857595 0.83693761
86.482875 5.3796751 -4.0357597 1965.56 5.5192151 0.80531404
86.482875 8.5678531 -4.1829023 1830.6536 5.5428372 0.78370792
86.482875 11.873356 -4.3577965 1680.7933 5.5693639 0.76013527
86.482875 13.5 -4.4640718 1594.4471 5.5840226 0.74741456
86.662025 1.4281731 -3.6808472 2327.3468 5.4587006 0.86431471
86.662025 2.9818791 -3.877006 2121.4178 5.4939197 0.82996987
86.662025 6.3093505 -4.04517 1957.3573 5.5222594 0.80332723
86.662025 9.7592729 -4.1785134 1835.16 5.5436181 0.7838142
86.662025 13.5 -4.3569277 1682.0391 5.570681 0.75976917
86.829229 1.7083336 -3.724911 2280.1622 5.4680201 0.85591514
86.829229 3.6707871 -3.9051721 2093.6793 5.5000588 0.82491909
86.829229 7.1932935 -4.0426124 1960.3327 5.5231776 0.80325221
86.829229 10.845428 -4.1564756 1855.5037 5.541569 0.78642307
86.829229 13.5 -4.2529982 1770.4484 5.5565773 0.77295121
86.990112 1.5850776 -3.6931253 2315.0298 5.4634016 0.86127517
86.990112 3.2852756 -3.8660295 2133.6084 5.4945383 0.83094749
86.990112 6.9264793 -4.0024283 1998.9251 5.5176644 0.80911552
86.990112 10.090555 -4.0782636 1927.5528 5.5303387 0.79739473
86.990112 13.371069 -4.1583107 1854.4151 5.5431885 0.78568501
86.990112 13.5 -4.1616894 1851.3807 5.5437223 0.78520228
87.166308 1.7447317 -3.7082118 2299.129 5.467394 0.8581933
87.166308 4.0469868 -3.8831535 2116.9168 5.4988974 0.82762457
87.166308 7.5142892 -3.9804605 2020.7604 5.5154485 0.81200339
87.166308 11.109188 -4.0389504 1965.0491 5.5253729 0.80277838
87.166308 13.5 -4.0743418 1931.9165 5.531224 0.79738877
87.368026 1.0978546 -3.5561303 2468.1489 5.4395484 0.88717611
87.368026 2.2913987 -3.7582229 2246.6983 5.4783346 0.84843139
87.368026 5.2613185 -3.8961517 2104.7533 5.5028891 0.82478256
87.368026 9.0191365 -3.960446 2041.1328 5.5138637 0.81442707
87.368026 12.297467 -3.9891105 2013.2388 5.5186243 0.80997551
87.368026 13.5 -3.9966743 2005.9522 5.5198893 0.80879675
87.627747 1.3149344 -3.5979774 2422.7021 5.4503992 0.87746334
87.627747 3.1050592 -3.7900796 2214.1953 5.486165 0.84206589
87.627747 6.3182441 -3.8767241 2125.0464 5.5014195 0.82740636
87.627747 9.6496743 -3.908162 2093.8769 5.5071884 0.82192921
87.627747 13.103701 -3.9222428 2079.94 5.5096678 0.81958629
87.627747 13.5 -3.9231872 2079.0127 5.5098375 0.81942618
87.98117 1.4395644 -3.6037526 2417.5185 5.4542016 0.8753905
87.98117 3.447838 -3.7701776 2236.2019 5.4851916 0.84470848
87.98117 7.0525893 -3.8298003 2174.1713 5.4959452 0.83431501
87.98117 10.188446 -3.8404191 2163.2927 5.4978501 0.83248726
87.98117 13.439702 -3.8419931 2161.7705 5.4982013 0.83215072
87.98117 13.5 -3.8419916 2161.7739 5.4982025 0.83214952
88.40821 1.3195991 -3.5568834 2471.0712 5.4474972 0.88431195
88.40821 3.2126556 -3.721507 2289.1656 5.4792886 0.85253024
88.40821 6.6105977 -3.7667254 2241.3623 5.4878464 0.8441719
88.40821 10.133584 -3.7727715 2235.1466 5.4890683 0.84298517
88.40821 13.5 -3.772119 2235.9521 5.4890417 0.84301098
88.983905 1.3118915 -3.5260919 2507.2364 5.4447647 0.8899819
88.983905 3.1929477 -3.6690294 2348.5369 5.4741106 0.8604155
88.983905 6.5693501 -3.6978879 2316.9051 5.4794124 0.85517954
88.983905 10.070004 -3.6984195 2316.4778 5.4796237 0.85497158
88.983905 13.5 -3.6967959 2318.4152 5.4794523 0.85514025
89.682029 1.2964327 -3.487576 2552.8404 5.4409562 0.89739237
89.682029 3.1539354 -3.6075529 2419.3944 5.4676651 0.87021777
89.682029 6.4880604 -3.6269434 2397.8196 5.471495 0.86638912
89.682029 9.9448812 -3.6261848 2398.8483 5.4714815 0.86640262
89.682029 13.5 -3.6243178 2401.1282 5.4712647 0.86661884
90.526061 1.2756369 -3.4432701 2604.964 5.4358308 0.90694134
90.526061 3.1015011 -3.5382049 2499.3917 5.458896 0.88317462
90.526061 6.3788366 -3.5496519 2486.9357 5.4616639 0.88036477
90.526061 9.7767781 -3.54831 2488.638 5.4615107 0.88052005
90.526061 13.299764 -3.546319 2491.0679 5.461215 0.88081982
90.526061 13.5 -3.5462047 2491.2074 5.4611979 0.88083714
91.463049 1.2138195 -3.3915354 2665.4592 5.4284493 0.91940307
91.463049 2.9472287 -3.4680424 2581.122 5.4491023 0.89779968
91.463049 6.058612 -3.4750373 2573.5959 5.4510245 0.89581505
91.463049 9.2844941 -3.4734714 2575.5829 5.4507993 0.89604735
91.463049 12.629089 -3.4715812 2577.9382 5.450497 0.89635925
91.463049 13.5 -3.4710871 2578.5534 5.4504174 0.89644138
92.535781 1.8553784 -3.383007 2678.7794 5.4336446 0.91926412
92.535781 4.542785 -3.4016834 2658.4542 5.4390899 0.91351915
92.535781 7.9431412 -3.4003245 2660.2592 5.4389101 0.91370831
92.535781 11.46863 -3.3983646 2662.7394 5.4385691 0.91406711
92.535781 13.5 -3.397232 2664.1727 5.4383713 0.91427529
93.739618 1.086139 -3.2823745 2792.9363 5.4111219 0.94952937
93.739618 2.6280372 -3.3300175 2741.3725 5.426393 0.93298109
93.739618 5.9302206 -3.331255 2740.3699 5.426995 0.93233472
93.739618 9.3539244 -3.329414 2742.7455 5.4266593 0.9326951
93.739618 12.90362 -3.3274814 2745.2355 5.4263031 0.93307768
93.739618 13.5 -3.3271569 2745.6537 5.4262432 0.93314201
95.162969 1.7601941 -3.2558369 2826.6572 5.4119776 0.95576906
95.162969 4.3048803 -3.261741 2820.6539 5.4141883 0.95333953
95.162969 7.5246535 -3.260109 2822.8009 5.4138781 0.95368006
95.162969 10.862914 -3.258342 2825.1077 5.4135301 0.95406226
95.162969 13.5 -3.256947 2826.9292 5.4132548 0.95436466
96.888847 1.6079119 -3.1864765 2905.7842 5.3983839 0.97960891
96.888847 3.9255797 -3.1901745 2902.2163 5.3999475 0.977847
96.888847 8.0856782 -3.1880657 2905.053 5.3995358 0.97831059
96.888847 12.398868 -3.1858463 2908.029 5.3990952 0.97880703
96.888847 13.5 -3.1852802 2908.7883 5.3989825 0.97893396
98.996944 1.1084511 -3.1070382 2995.2453 5.3809697 1.0102616
98.996944 2.6825163 -3.1167331 2985.6996 5.3851194 1.0054465
98.996944 6.5992943 -3.1149186 2988.2042 5.3847615 1.0058608
98.996944 13.5 -3.1114912 2992.8527 5.3840345 1.0067031
101.48718 1.0091282 -3.0382271 3068.9107 5.3651554 1.0416832
101.48718 2.4357278 -3.0451444 3062.8071 5.3686143 1.0375432
101.48718 5.9855641 -3.0435864 3064.9044 5.3682454 1.037984
101.48718 13.5 -3.0401215 3069.501 5.3673839 1.039014
104.71129 1.3689791 -2.9686392 3140.8531 5.3494033 1.0774642
104.71129 3.3321348 -2.9685928 3141.3029 5.3496057 1.0772132
104.71129 8.2170943 -2.9664753 3144.1191 5.3490449 1.077909
104.71129 13.5 -2.9641783 3147.1717 5.3484337 1.0786677
108.70386 1.5978717 -2.8917263 3215.3411 5.3294596 1.1233121
108.70386 3.9031978 -2.8908853 3216.523 5.329257 1.1235742
108.70386 9.6395869 -2.8885173 3219.6766 5.3285914 1.1244355
108.70386 13.5 -2.886911 3221.8102 5.3281359 1.1250253
113.83482 2.0189301 -2.8093482 3289.9566 5.3069641 1.1796774
113.83482 4.9532596 -2.808178 3291.5281 5.3066236 1.1801401
113.83482 12.25481 -2.8051934 3295.4916 5.3057294 1.1813555
113.83482 13.5 -2.8046749 3296.1746 5.305571 1.1815711
120.07026 2.3127729 -2.7261015 3359.9708 5.2834591 1.2447897
120.07026 5.6880512 -2.7247761 3361.7193 5.2830375 1.245394
120.07026 13.5 -2.7215375 3365.8608 5.2819376 1.246972
127.56684 2.4115076 -2.6426722 3424.7554 5.2595084 1.3189323
127.56684 5.9394928 -2.6411917 3426.7188 5.2590235 1.3196688
127.56684 13.5 -2.6376139 3431.1542 5.2576927 1.3216921
136.49946 2.1324405 -2.5586717 3485.3105 5.2353486 1.4028103
136.49946 5.248397 -2.5573302 3486.8747 5.2347866 1.4037182
136.49946 13.001894 -2.5531445 3491.0422 5.2326759 1.4071334
136.49946 13.5 -2.5528339 3491.3239 5.2325055 1.4074095
147.0357 1.4067609 -2.4757061 3538.1423 5.2108102 1.4976629
147.0357 3.4405964 -2.4746675 3539.3773 5.2103779 1.4984085
147.0357 8.5014298 -2.4712429 3542.7663 5.2086158 1.5014513
147.0357 13.5 -2.4667304 3546.5637 5.2059643 1.5060417
159.27241 1.8701577 -2.386012 3602.26 5.1870328 1.6019967
159.27241 4.5948955 -2.3838158 3604.5011 5.1859172 1.6040558
159.27241 11.374915 -2.3752661 3611.2268 5.1806058 1.6138945
159.27241 13.5 -2.3719386 3613.6238 5.178431 1.6179404
172.18145 1.5748091 -2.2974274 3676.517 5.1677402 1.7030635
172.18145 3.8631349 -2.2937426 3681.6077 5.1664591 1.7055773
172.18145 9.5572216 -2.2809509 3694.2863 5.1596396 1.719021
172.18145 13.5 -2.2728116 3698.2576 5.1533667 1.7314805
185.20417 1.2609998 -2.2274651 3719.2691 5.1495264 1.8037235
185.20417 3.084834 -2.2251455 3720.4298 5.1477488 1.8074186
185.20417 6.3585256 -2.2186414 3722.5019 5.1422119 1.8189769
185.20417 9.7526891 -2.2108537 3724.3763 5.1352988 1.8335119
185.20417 13.271758 -2.2031924 3726.0164 5.1284023 1.8481279
185.20417 13.5 -2.2027193 3726.1151 5.1279752 1.8490368
203.6973 2.2315741 -2.1458478 3752.8829 5.1248733 1.9460938
203.6973 5.5029524 -2.1371005 3754.381 5.1168192 1.964223
203.6973 8.9858743 -2.1270904 3755.6499 5.1073962 1.9856481
203.6973 12.596968 -2.1182802 3756.7358 5.0990882 2.0047319
203.6973 13.5 -2.116358 3756.9829 5.0972802 2.0089091
