# mass_Mjup age_Gyr logL_Lsun Teff_K logg_cgs radius_Rjup
62.853931 1.0015991 -4.2880005 1570.4847 5.243048 0.94351763
62.853931 1.4669348 -4.4413272 1460.7781 5.2705768 0.91408293
62.853931 2.6248391 -4.6288907 1344.7737 5.3144002 0.86910831
62.853931 5.5060754 -4.8746351 1210.4256 5.3773001 0.80839562
62.853931 7.5004026 -5.0612028 1102.7212 5.4019781 0.78575098
65.421085 1.006347 -4.2222544 1633.278 5.2627927 0.94095815
65.421085 1.392095 -4.3835764 1508.2145 5.2857267 0.91643847
65.421085 2.3519594 -4.5606705 1391.2309 5.3225652 0.87838324
65.421085 4.7404093 -4.7775545 1267.9902 5.378316 0.8237751
65.421085 9.0322316 -5.0769655 1101.3364 5.4329433 0.77356176
68.239258 1.0676033 -4.1594938 1698.5786 5.2864508 0.93518928
68.239258 1.4940469 -4.3507218 1541.6853 5.309319 0.91088888
68.239258 2.4388699 -4.5146923 1428.9247 5.3413441 0.87791579
68.239258 4.789892 -4.7225238 1304.4947 5.3909075 0.82922273
68.239258 9.8617971 -5.0180379 1141.873 5.4551235 0.77012849
68.239258 11.18137 -5.0923541 1100.8269 5.4658447 0.76068102
70.144593 1.0199805 -4.0528386 1801.365 5.2938198 0.94014528
70.144593 1.3778658 -4.2782277 1602.5286 5.3160252 0.91641518
70.144593 2.037623 -4.4147719 1501.6809 5.3396569 0.89181842
70.144593 3.67931 -4.5928824 1384.4761 5.3765986 0.85468399
70.144593 7.7643525 -4.8271023 1252.4094 5.4366619 0.79757939
70.144593 13.105151 -5.0992271 1102.3888 5.4871407 0.75254856
70.670128 1.1089453 -4.0961212 1763.9094 5.3038423 0.93283443
70.670128 1.5621114 -4.3124799 1577.9434 5.3266616 0.9086464
70.670128 2.5113945 -4.4603935 1472.5994 5.3545481 0.87993722
70.670128 4.8735144 -4.6555775 1348.9032 5.3973166 0.83765928
70.670128 10.504378 -4.9280675 1200.1322 5.4667999 0.77326034
70.670128 13.5 -5.0881764 1109.9225 5.4911631 0.75187247
72.030436 1.1372981 -4.0611687 1800.8272 5.313153 0.93172836
72.030436 1.5667322 -4.2797736 1607.5987 5.3345804 0.90902455
72.030436 2.4365419 -4.4153928 1507.2105 5.3581847 0.88465402
72.030436 4.600907 -4.5925365 1389.3487 5.3938777 0.8490376
72.030436 7.8605408 -4.7508944 1297.3238 5.4331842 0.81147231
72.030436 13.430164 -4.9879058 1169.4837 5.4899787 0.76011003
72.030436 13.5 -4.9955274 1164.7507 5.4905555 0.75960539
73.071492 1.3586546 -4.1384255 1734.641 5.331592 0.9187255
73.071492 1.9888663 -4.3279236 1573.7752 5.3520224 0.89736793
73.071492 3.3327111 -4.4589575 1480.6443 5.3770886 0.87184133
73.071492 6.6766272 -4.6393281 1364.1815 5.4151448 0.83446741
73.071492 10.236778 -4.7767968 1285.7118 5.4496994 0.80192189
73.071492 13.5 -4.8977026 1222.2202 5.4826286 0.77208919
73.329586 1.1716885 -4.0241685 1840.3769 5.3216549 0.93093624
73.329586 1.6608957 -4.2509207 1636.5384 5.3444848 0.90678633
73.329586 2.6596693 -4.3941037 1526.4148 5.3666533 0.88393584
73.329586 5.1449374 -4.5608344 1412.6167 5.398791 0.85182792
73.329586 8.887866 -4.7074736 1324.7556 5.433876 0.81810565
73.329586 13.5 -4.8707359 1237.142 5.4782734 0.77733941
74.205227 1.1879935 -3.989517 1876.6921 5.3261036 0.93169379
74.205227 1.7054079 -4.2177779 1668.3237 5.3499137 0.90650071
74.205227 2.676436 -4.3633104 1551.2501 5.3690523 0.88674526
74.205227 4.9900926 -4.4977361 1457.5011 5.3951863 0.86046239
74.205227 8.4745664 -4.6202911 1378.1274 5.4204632 0.83578277
74.205227 12.087269 -4.7242433 1317.0577 5.4456771 0.81186992
74.205227 13.5 -4.7641297 1294.9497 5.4561559 0.80213431
74.85361 1.2408761 -3.9919145 1876.8825 5.3324557 0.92893707
74.85361 1.7661472 -4.2036367 1682.9333 5.3546971 0.90545232
74.85361 3.0311071 -4.3633776 1553.1393 5.3750121 0.88452088
74.85361 6.1787322 -4.4960677 1460.4694 5.4008304 0.8586159
74.85361 9.5298983 -4.5883686 1398.6963 5.4180552 0.84175662
74.85361 13.004387 -4.6547687 1359.2601 5.4347719 0.82571125
74.85361 13.5 -4.665277 1353.0305 5.4373003 0.82331119
75.026606 1.2413731 -3.9834787 1885.65 5.3331185 0.92930055
75.026606 1.7777032 -4.1973261 1689.0948 5.3557375 0.90541286
75.026606 3.0674975 -4.3582575 1557.3878 5.37564 0.88490249
75.026606 6.2769184 -4.4846424 1468.7898 5.4002764 0.86015601
75.026606 9.6938763 -4.5716623 1410.0605 5.4164088 0.8443277
75.026606 13.236578 -4.6328929 1372.6173 5.4308862 0.83037133
75.026606 13.5 -4.6374485 1369.9195 5.4320241 0.82928415
75.648256 1.2918399 -3.9770622 1894.2185 5.3381616 0.92774031
75.648256 1.8995357 -4.1934663 1694.5915 5.3611054 0.9035549
75.648256 3.3522382 -4.3453147 1568.6403 5.3787872 0.88534726
75.648256 6.4633968 -4.4384702 1502.0328 5.396567 0.86740866
75.648256 9.689046 -4.4936319 1464.3783 5.4076241 0.85643654
75.648256 12.99601 -4.5359715 1435.5729 5.4154516 0.84875319
75.648256 13.5 -4.5414411 1431.8938 5.4164634 0.84776509
76.295759 1.3317016 -3.9638329 1909.4682 5.3425631 0.9269929
76.295759 1.9918599 -4.1775196 1710.8757 5.3654739 0.90286128
76.295759 3.5683015 -4.3237547 1586.3763 5.38046 0.88741745
76.295759 6.9444642 -4.388022 1539.6759 5.3928197 0.87487925
76.295759 10.44487 -4.4203261 1516.704 5.39901 0.86866629
76.295759 13.5 -4.4364033 1505.4393 5.4021368 0.86554484
76.912206 1.4828424 -3.9961847 1880.5345 5.3518853 0.92079461
76.912206 2.2203005 -4.1820507 1708.8695 5.3714616 0.90027375
76.912206 3.9971251 -4.3049788 1602.3383 5.382571 0.88883243
76.912206 7.1864369 -4.3340528 1580.5716 5.3878849 0.88341135
76.912206 10.493115 -4.3459411 1571.8991 5.3902151 0.88104448
76.912206 13.5 -4.3507702 1568.406 5.3911796 0.88006677
77.632075 1.1088322 -3.8123494 2058.1708 5.3288964 0.94990497
77.632075 1.9345004 -4.0880701 1796.1459 5.3680578 0.90802852
77.632075 3.2573051 -4.2284727 1670.1037 5.3820678 0.89349983
77.632075 6.5488665 -4.2742875 1630.4554 5.3861444 0.88931609
77.632075 10.053277 -4.2771156 1628.0921 5.3864528 0.88900046
77.632075 13.5 -4.2769696 1628.2528 5.3864783 0.88897436
78.607501 1.2202879 -3.8188072 2055.9209 5.3388769 0.94493361
78.607501 2.1900422 -4.0718548 1814.6492 5.3750696 0.9063688
78.607501 4.1651963 -4.1812718 1715.1087 5.3864826 0.89453736
78.607501 7.7104997 -4.1984237 1699.9023 5.3881636 0.89280775
78.607501 11.38627 -4.198747 1699.6621 5.3882415 0.89272768
78.607501 13.5 -4.1985155 1699.8964 5.3882494 0.89271957
79.723184 1.4491654 -3.8407332 2040.0876 5.3534932 0.93573629
79.723184 2.7467074 -4.0535567 1835.805 5.3830276 0.9044536
79.723184 5.6253166 -4.107888 1785.0923 5.3886955 0.89857091
79.723184 9.2676001 -4.1105788 1782.6876 5.3890445 0.89820989
79.723184 13.04392 -4.1101504 1783.142 5.3890589 0.89819506
79.723184 13.5 -4.1100858 1783.2087 5.3890592 0.8981947
80.882419 1.6711045 -3.837146 2047.4894 5.3624669 0.93282758
80.882419 3.8241984 -4.0080824 1883.5138 5.3883919 0.90539666
80.882419 7.0668572 -4.0235344 1868.65 5.3900805 0.9036382
80.882419 10.428846 -4.0233999 1868.8503 5.3901322 0.90358443
80.882419 13.5 -4.0229057 1869.3912 5.3901407 0.9035756
81.884447 1.0375415 -3.6596136 2211.7956 5.3243751 0.98066558
81.884447 2.4224778 -3.8688259 2022.3599 5.3780413 0.92190857
81.884447 5.8686428 -3.949688 1944.3016 5.3905241 0.90875423
81.884447 9.5376538 -3.9510797 1943.0205 5.3907708 0.90849616
81.884447 13.341685 -3.9504015 1943.7864 5.3907772 0.90848943
81.884447 13.5 -3.9503722 1943.8194 5.3907773 0.90848932
82.852203 1.548059 -3.7347787 2147.3461 5.3532711 0.95416674
82.852203 3.7497075 -3.8600723 2033.6479 5.3840595 0.92093732
82.852203 7.0654917 -3.8803266 2015.4188 5.388672 0.91605976
82.852203 10.503297 -3.8812218 2014.7026 5.3889497 0.91576689
82.852203 13.5 -3.8806381 2015.3116 5.388891 0.91582878
84.036839 2.1319109 -3.7396093 2147.1453 5.3641049 0.94905242
84.036839 5.2000692 -3.7941527 2097.6827 5.3781617 0.93381704
84.036839 8.4666299 -3.7968582 2095.3276 5.3789158 0.93300663
84.036839 11.8534 -3.7962238 2096.0168 5.3788527 0.93307444
84.036839 13.5 -3.795829 2096.4306 5.3788007 0.93313024
85.371154 1.4283436 -3.6251428 2255.5371 5.342034 0.98117472
85.371154 3.4476883 -3.706767 2181.5062 5.3656841 0.95481956
85.371154 7.0723118 -3.7142962 2174.8376 5.3678947 0.95239254
85.371154 10.225455 -3.7137398 2175.4667 5.3678408 0.95245162
85.371154 13.494635 -3.7129306 2176.3296 5.3677206 0.95258353
85.371154 13.5 -3.7129292 2176.3311 5.3677204 0.95258375
86.971608 1.5628662 -3.5812643 2300.4701 5.3404883 0.99209296
86.971608 3.7807164 -3.6273576 2259.2219 5.3551507 0.97548627
86.971608 9.2994373 -3.6285958 2258.3719 5.3557352 0.97483004
86.971608 13.5 -3.6275394 2259.5313 5.3555704 0.97501506
88.831172 1.425967 -3.5062143 2375.0857 5.3300769 1.0147335
88.831172 3.4383206 -3.5437204 2341.4011 5.3427692 1.0000135
88.831172 8.4457004 -3.5439904 2341.4545 5.3430788 0.99965712
88.831172 13.5 -3.5426865 2342.9383 5.3428755 0.99989117
91.02269 1.6263516 -3.4447667 2437.6032 5.3243486 1.0339709
91.02269 3.9364788 -3.4595418 2424.6819 5.3298906 1.0273946
91.02269 9.6848146 -3.4583022 2426.196 5.3297355 1.0275781
91.02269 13.5 -3.4573079 2427.3535 5.3295698 1.0277742
93.542439 1.3740298 -3.3625896 2517.291 5.309912 1.0657519
93.542439 3.3079435 -3.3768927 2505.0667 5.3157587 1.0586022
93.542439 8.1201396 -3.3758632 2506.3744 5.3156358 1.0587519
93.542439 13.5 -3.3744522 2508.0632 5.3153949 1.0590457
96.583568 1.4493687 -3.2860818 2591.9954 5.2981021 1.0977624
96.583568 3.4956307 -3.2918502 2587.4619 5.3008293 1.094321
96.583568 8.5873853 -3.2905765 2589.0231 5.3006035 1.0946055
96.583568 13.5 -3.2893005 2590.5687 5.3003643 1.094907
100.15441 1.8214428 -3.2075009 2666.2522 5.2843561 1.135703
100.15441 4.4242398 -3.2077853 2666.3397 5.2846974 1.1352568
100.15441 10.900831 -3.2061171 2668.382 5.2843593 1.1356988
100.15441 13.5 -3.2054462 2669.203 5.2842228 1.1358772
104.21008 1.5872908 -3.1268447 2738.737 5.2675359 1.1811218
104.21008 3.8438128 -3.1271066 2738.857 5.2678738 1.1806623
104.21008 9.4587616 -3.1256511 2740.6414 5.2675498 1.1811028
104.21008 13.5 -3.1245996 2741.9293 5.2673144 1.181423
109.22657 1.7510425 -3.0422195 2811.2995 5.2487564 1.235645
109.22657 4.2561705 -3.0417544 2811.9758 5.2487091 1.2357123
109.22657 10.489731 -3.040138 2813.9441 5.2483083 1.2362827
109.22657 13.5 -3.0393537 2814.8964 5.2481118 1.2365623
115.11005 1.3370239 -2.9585978 2877.5949 5.2284098 1.2985525
115.11005 3.2330548 -2.9584996 2877.9782 5.228543 1.2983534
115.11005 7.9509864 -2.9572774 2879.4605 5.2282152 1.2988434
115.11005 13.5 -2.9558183 2881.219 5.2278167 1.2994394
122.14687 2.3574136 -2.8736391 2941.9036 5.2076153 1.3700653
122.14687 5.7773669 -2.8727307 2943.0046 5.2073569 1.370473
122.14687 13.5 -2.8705965 2945.5497 5.2067244 1.3714715
130.38929 1.772802 -2.7906975 2997.6005 5.1856145 1.4518491
130.38929 4.3203788 -2.7900371 2998.361 5.1853949 1.4522163
130.38929 10.659565 -2.7882827 3000.2877 5.1847563 1.4532843
130.38929 13.5 -2.7874604 3001.145 5.1844304 1.4538297
140.23557 2.086963 -2.7036974 3054.4073 5.1628435 1.5456641
140.23557 5.1001994 -2.7026968 3055.6013 5.1625218 1.5462366
140.23557 12.598096 -2.6998713 3058.7098 5.1614626 1.5481233
140.23557 13.5 -2.6994983 3059.0969 5.1613096 1.5483962
151.42934 1.5764154 -2.6134509 3118.2032 5.1418587 1.6454452
151.42934 3.8333772 -2.6125243 3119.3874 5.1415917 1.6459511
151.42934 9.4494205 -2.6097076 3122.6744 5.1406045 1.6478229
151.42934 13.5 -2.6072174 3125.3581 5.1396067 1.649717
163.55945 2.2437845 -2.5200486 3197.0191 5.1252853 1.7430223
163.55945 5.4981251 -2.5186263 3198.2164 5.1245134 1.7445719
163.55945 13.5 -2.5138248 3200.6442 5.1210301 1.7515822
176.53955 1.2864825 -2.4529919 3224.4064 5.1062131 1.8510674
176.53955 3.1199978 -2.4522369 3224.9861 5.1057705 1.8520109
176.53955 7.6823705 -2.4494196 3226.3792 5.1037033 1.8564238
176.53955 13.5 -2.4443476 3228.0184 5.0995138 1.8653996
195.2221 1.059489 -2.3680131 3257.5774 5.0827012 1.9999617
195.2221 2.5598585 -2.3672515 3258.0359 5.082184 2.0011528
195.2221 6.2932577 -2.364075 3259.0206 5.0795325 2.007271
195.2221 13.5 -2.3551591 3260.3835 5.0713429 2.0262863
216.16934 1.683133 -2.285129 3287.3889 5.0599076 2.1604839
216.16934 4.1161629 -2.2825793 3287.8991 5.0576274 2.1661629
216.16934 10.17032 -2.272781 3288.3396 5.0480619 2.1901501
216.16934 13.5 -2.2672823 3288.3822 5.0425856 2.2040021
240.0064 2.2870088 -2.2021039 3315.0679 5.0368765 2.3376577
240.0064 5.6230636 -2.1953851 3314.9238 5.0300822 2.3560151
240.0064 13.5 -2.1792391 3313.7228 5.0133068 2.4019601
267.0807 2.3502499 -2.1189411 3341.4715 5.0139148 2.5320463
267.0807 5.7847544 -2.1086737 3340.129 5.0029493 2.5642147
267.0807 13.5 -2.0893671 3341.637 4.9844268 2.6194832
297.20609 1.0587669 -2.0401304 3368.9217 4.9957318 2.7275373
297.20609 2.5751729 -2.0340879 3369.5362 4.9900062 2.7455763
297.20609 6.3484764 -2.0176932 3370.773 4.9742491 2.7958386
297.20609 13.5 -1.9996605 3372.6177 4.9571667 2.851368
330.78821 1.0614946 -1.9569111 3401.0515 4.975494 2.9453422
330.78821 2.5860576 -1.9473422 3401.6321 4.9662216 2.9769529
330.78821 6.3796582 -1.928073 3402.7778 4.9475375 3.0416836
330.78821 13.5 -1.9112876 3404.5505 4.9316568 3.0978071
368.30098 2.3648705 -1.8634261 3437.0477 4.9469513 3.2116896
368.30098 5.8333471 -1.8430564 3434.4953 4.9252911 3.2927872
368.30098 12.05909 -1.8301156 3436.2504 4.9132378 3.3387994
368.30098 13.5 -1.8274187 3436.6483 4.9107421 3.3484065
404.07804 2.2486584 -1.7579894 3471.028 4.8988672 3.5555502
404.07804 5.5438619 -1.7491352 3472.2088 4.8906039 3.5895373
404.07804 13.5 -1.7339006 3476.3082 4.8774191 3.6444404
438.04838 2.3403536 -1.6747964 3517.1181 4.8736464 3.8110587
438.04838 5.7760965 -1.6640986 3518.5933 4.8636771 3.8550521
438.04838 13.5 -1.647307 3523.8192 4.8494637 3.9186546
477.27799 1.5002174 -1.576277 3582.6396 4.8444411 4.114082
477.27799 3.6820984 -1.5674627 3582.7428 4.8356768 4.1558042
477.27799 9.1113165 -1.551939 3587.9764 4.8226888 4.2184127
477.27799 13.5 -1.5406611 3593.2148 4.8139453 4.2610911
514.06289 1.2692614 -1.476857 3657.9056 4.8133833 4.4251118
514.06289 3.1025215 -1.4687607 3657.3901 4.8050422 4.4678109
514.06289 7.6642593 -1.4532779 3663.5428 4.7924794 4.5329009
514.06289 13.5 -1.4349873 3673.6437 4.7789718 4.6039435
548.87279 1.0281402 -1.379017 3746.9532 4.7857819 4.7201159
548.87279 2.505478 -1.3718187 3745.6395 4.7779744 4.7627351
548.87279 6.1815672 -1.3570307 3752.2646 4.7662563 4.8274241
548.87279 11.423794 -1.3372137 3764.6845 4.7521799 4.9062954
548.87279 13.5 -1.3293621 3769.9164 4.7467408 4.9371149
