# mass_Mjup age_Gyr logL_Lsun Teff_K logg_cgs radius_Rjup
62.853931 1.0852212 -4.3741703 1525.7676 5.2790364 0.90522341
62.853931 1.7270382 -4.5544316 1398.8709 5.3084547 0.87507775
62.853931 3.3240843 -4.7410591 1291.045 5.3557371 0.82871544
62.853931 6.1152709 -4.9975766 1142.9197 5.400552 0.78704212
62.853931 9.6406323 -5.2903996 981.6217 5.4290888 0.76160469
62.853931 13.5 -5.459495 899.90652 5.4471971 0.7458911
65.563613 1.3030727 -4.4112747 1506.5066 5.3124019 0.88968906
65.563613 2.0677445 -4.5724598 1395.8257 5.3410275 0.86084601
65.563613 3.9704926 -4.7603 1287.124 5.3880245 0.81550561
65.563613 7.2840603 -5.0160124 1140.0777 5.4329932 0.77435949
65.563613 11.547761 -5.3183348 973.76771 5.4613992 0.74944469
65.563613 13.5 -5.3962972 935.63274 5.4699618 0.74209293
68.130028 1.3008957 -4.339063 1572.4291 5.3312659 0.88745043
68.130028 1.9767877 -4.5123171 1443.6087 5.3560337 0.86250216
68.130028 3.6586235 -4.6872952 1336.3458 5.3968894 0.82287216
68.130028 6.8804672 -4.9387464 1188.6569 5.4448911 0.77863064
68.130028 11.595363 -5.2705562 1003.2012 5.482027 0.74604251
68.130028 13.5 -5.3413884 967.76264 5.4903825 0.73890022
70.516446 1.1252366 -4.139607 1754.5745 5.3371647 0.89674846
70.516446 1.5862524 -4.3766174 1550.3049 5.3591564 0.8743288
70.516446 2.5599258 -4.5490628 1425.6072 5.3859329 0.84778661
70.516446 4.9827368 -4.7320243 1317.0301 5.4312776 0.80466327
70.516446 9.0729801 -4.9890997 1167.7263 5.4793345 0.76135242
70.516446 13.5 -5.2871264 1000.0734 5.5081244 0.73653057
71.727831 1.1170472 -4.0864462 1807.7115 5.3432305 0.89812411
71.727831 1.597087 -4.3404153 1583.3637 5.3670058 0.87387377
71.727831 2.4992533 -4.5111598 1455.0376 5.3909245 0.85013794
71.727831 4.744132 -4.68847 1344.6266 5.4311447 0.81166959
71.727831 9.3625944 -4.9647257 1184.1945 5.4866857 0.76139285
71.727831 13.5 -5.2068563 1048.2577 5.5169963 0.73528119
72.659451 1.2745404 -4.1420033 1760.2013 5.3581248 0.88856953
72.659451 1.7769097 -4.361841 1569.0644 5.3782763 0.86819184
72.659451 2.7261076 -4.5137822 1455.8869 5.4001649 0.84658657
72.659451 5.0880157 -4.6835746 1349.6546 5.4383374 0.81018678
72.659451 9.9429476 -4.9581851 1190.3386 5.4947394 0.75924885
72.659451 13.5 -5.1102211 1107.8594 5.522032 0.7357628
73.329586 1.0193357 -4.0037476 1885.7259 5.3435213 0.90779285
73.329586 1.4214122 -4.1874925 1721.6797 5.3691613 0.88138723
73.329586 1.9600983 -4.3829888 1554.3529 5.3870467 0.86342389
73.329586 3.1661651 -4.5380129 1441.1999 5.4107691 0.84016165
73.329586 6.1672452 -4.7177737 1331.9503 5.4535852 0.79975103
73.329586 11.430503 -4.9948512 1172.1209 5.5086002 0.75066694
73.329586 13.5 -5.082654 1124.3329 5.524093 0.73739616
74.960899 1.0928905 -3.9922145 1901.6232 5.3561273 0.90461029
74.960899 1.7796698 -4.2468662 1674.4641 5.3897844 0.87022779
74.960899 2.5700392 -4.4207881 1529.8785 5.4068308 0.85331577
74.960899 4.4720242 -4.5726825 1422.0948 5.4318116 0.82912378
74.960899 9.2047715 -4.77326 1305.8204 5.4842087 0.78058609
74.960899 13.5 -4.9908951 1178.3681 5.5234338 0.74611926
75.761789 1.1012005 -3.9313302 1969.3831 5.3606814 0.90467416
75.761789 1.7327047 -4.1900668 1727.81 5.392081 0.87255415
75.761789 2.6395565 -4.3951724 1552.3244 5.4111326 0.8536239
75.761789 4.5757514 -4.5380162 1447.9651 5.433079 0.83232588
75.761789 8.051125 -4.6795245 1359.134 5.464604 0.80265866
75.761789 12.961967 -4.8866392 1240.57 5.5131546 0.75902417
75.761789 13.5 -4.9152367 1223.6187 5.5178515 0.75493082
76.467986 1.1311476 -3.9046258 2001.1417 5.3657969 0.90354363
76.467986 1.7953701 -4.1736525 1744.9098 5.3968042 0.87185752
76.467986 2.7801031 -4.3788744 1567.4102 5.4156648 0.85312997
76.467986 4.9069676 -4.5155108 1465.3723 5.4353626 0.83400051
76.467986 8.1101238 -4.632533 1387.904 5.4580304 0.8125169
76.467986 11.431156 -4.7298105 1332.6628 5.4847514 0.78790148
76.467986 13.5 -4.8027186 1292.8538 5.5049759 0.7697676
77.095616 1.2059749 -3.9236426 1983.1697 5.3726919 0.90007076
77.095616 1.8074176 -4.1410495 1776.768 5.3991822 0.87303475
77.095616 2.8467831 -4.3542776 1589.0857 5.4184766 0.85385533
77.095616 4.920249 -4.4806471 1491.3629 5.4345903 0.83816107
77.095616 8.0429844 -4.5764582 1425.2958 5.451688 0.82182361
77.095616 11.280636 -4.6524333 1377.8838 5.4688935 0.80570462
77.095616 13.5 -4.7080038 1346.0145 5.4838126 0.79198385
77.758269 1.2283366 -3.8992628 2010.9105 5.3761605 0.90032813
77.758269 2.0254631 -4.1563619 1764.9996 5.406667 0.86925569
77.758269 3.3008473 -4.3554945 1590.1087 5.4245284 0.85156316
77.758269 6.1322359 -4.4705134 1500.3098 5.4385639 0.83791338
77.758269 9.7147716 -4.533039 1456.843 5.4500167 0.82693754
77.758269 13.429145 -4.596534 1413.4399 5.4609701 0.81657491
77.758269 13.5 -4.5977806 1412.5922 5.4611745 0.81638278
78.35946 1.1005386 -3.8267917 2081.9926 5.3673799 0.91298479
78.35946 1.7318566 -4.0698929 1843.7735 5.3993947 0.87994627
78.35946 2.8269494 -4.2608293 1673.4802 5.4219831 0.85735745
78.35946 5.5518908 -4.4031841 1553.9529 5.4356071 0.84401461
78.35946 8.9997396 -4.454505 1514.2605 5.4419788 0.83784576
78.35946 12.574469 -4.4773718 1497.1438 5.4450974 0.83484296
78.35946 13.5 -4.4809413 1494.6398 5.445759 0.83420734
78.874006 1.0855439 -3.8031645 2106.6086 5.3670139 0.91636352
78.874006 1.7675809 -4.0578115 1855.9118 5.4015549 0.88063771
78.874006 3.0059704 -4.2375507 1696.1552 5.4249271 0.8572573
78.874006 6.0874798 -4.3691571 1582.4998 5.4360457 0.84635365
78.874006 9.3682549 -4.3963716 1560.8929 5.439378 0.84311286
78.874006 12.769763 -4.4068412 1552.6847 5.4406883 0.84184198
78.874006 13.5 -4.4080456 1551.7502 5.4408468 0.84168835
79.579872 1.7683564 -4.0322539 1880.5301 5.4027584 0.88334468
79.579872 2.9297879 -4.1750846 1754.1602 5.4247449 0.86126528
79.579872 5.8198013 -4.3060501 1637.6802 5.4363498 0.84983472
79.579872 9.4765144 -4.3233262 1622.795 5.4377642 0.84845199
79.579872 12.66664 -4.3247059 1621.6469 5.4379145 0.84830526
79.579872 13.5 -4.3247223 1621.6409 5.4379244 0.84829552
80.427013 1.6137767 -3.9064088 2013.5369 5.4002292 0.89062344
80.427013 3.0412387 -4.11428 1812.002 5.4248968 0.86568588
80.427013 6.5472884 -4.2327469 1705.5103 5.4381463 0.8525809
80.427013 9.7736008 -4.2472506 1692.5556 5.4394044 0.85134688
80.427013 12.996128 -4.2479228 1691.9866 5.4394925 0.85126051
80.427013 13.5 -4.2478889 1692.0233 5.4394962 0.85125687
81.255309 1.1782972 -3.7522491 2164.5301 5.3761355 0.92037732
81.255309 2.3886079 -4.0311222 1886.6258 5.4162972 0.8787899
81.255309 4.3015994 -4.1076641 1820.168 5.4305418 0.86449548
81.255309 7.7353241 -4.1599732 1773.5518 5.4377805 0.85732088
81.255309 11.29541 -4.1661782 1767.9234 5.4384639 0.85664664
81.255309 13.5 -4.1663378 1767.8089 5.4385109 0.85660027
82.175693 1.4329962 -3.7836865 2137.3089 5.3904792 0.91041599
82.175693 2.9371433 -4.0186964 1900.4615 5.4214562 0.87851944
82.175693 5.5093157 -4.0438266 1878.2896 5.4262002 0.87373421
82.175693 8.763867 -4.0520375 1871.1619 5.4278064 0.87211998
82.175693 12.138186 -4.053538 1869.908 5.4281425 0.87178267
82.175693 13.5 -4.0535122 1869.9536 5.428159 0.87176605
82.799869 1.3926248 -3.7481496 2173.982 5.3877832 0.91670796
82.799869 3.1275821 -3.9616535 1964.0914 5.4249101 0.87834992
82.799869 6.2417441 -3.9984693 1924.3145 5.4261833 0.87706329
82.799869 9.4705073 -3.9979912 1924.9025 5.4262359 0.8770102
82.799869 12.818089 -3.997475 1925.5343 5.4262899 0.87695573
82.799869 13.5 -3.9973698 1925.6631 5.4263009 0.87694462
82.990634 2.2710612 -3.8681734 2058.8369 5.4142703 0.89019912
82.990634 5.4369645 -3.9859298 1938.48 5.4273843 0.87685983
82.990634 8.8075907 -3.9856997 1938.81 5.4274499 0.87679363
82.990634 12.302256 -3.9851483 1939.4902 5.4275079 0.87673508
82.990634 13.5 -3.9849592 1939.7236 5.4275278 0.87671499
83.356277 1.6604891 -3.7734698 2151.3695 5.3978483 0.90918606
83.356277 3.806103 -3.9320591 1998.8625 5.4287092 0.87744989
83.356277 7.0374967 -3.962393 1965.4778 5.429784 0.87636479
83.356277 10.387806 -3.9618511 1966.1579 5.4298431 0.87630516
83.356277 13.5 -3.9613373 1966.8014 5.4298978 0.87625001
84.210465 1.3901981 -3.6869247 2238.2637 5.3845159 0.92796774
84.210465 3.3129777 -3.847979 2082.2619 5.4200666 0.89075343
84.210465 6.7642714 -3.8899334 2042.2815 5.428342 0.88230716
84.210465 10.342573 -3.8934393 2039.0197 5.4290712 0.8815668
84.210465 13.5 -3.8929265 2039.5954 5.4290487 0.8815896
85.311951 1.0617712 -3.5739935 2352.1072 5.3634119 0.95698854
85.311951 2.5507106 -3.744223 2186.545 5.4068467 0.91031007
85.311951 5.7394755 -3.7916432 2140.5069 5.4172997 0.89942067
85.311951 9.0455869 -3.794286 2138.0431 5.4179418 0.89875599
85.311951 12.473363 -3.7934786 2138.9476 5.4178692 0.89883114
85.311951 13.5 -3.7931698 2139.2839 5.4178335 0.89886809
86.416124 1.4387316 -3.6029534 2327.852 5.3799498 0.94499665
86.416124 3.4874119 -3.6977246 2235.5556 5.4044414 0.91872276
86.416124 7.1646913 -3.7089634 2224.7685 5.4072776 0.91572776
86.416124 10.363642 -3.708394 2225.4543 5.4072436 0.91576358
86.416124 13.5 -3.7074014 2226.5497 5.4071059 0.91590882
87.672768 1.4493534 -3.5533317 2380.5533 5.3754882 0.95674459
87.672768 3.5124712 -3.6209037 2314.8068 5.3944075 0.93613042
87.672768 7.2156649 -3.6255602 2310.4348 5.3957799 0.93465251
87.672768 10.437159 -3.624627 2311.5107 5.3956555 0.9347864
87.672768 13.5 -3.6236273 2312.644 5.3955073 0.9349459
89.132381 1.4075985 -3.4915459 2446.313 5.3682096 0.97279361
89.132381 3.4076526 -3.5412622 2397.4298 5.3828615 0.95652162
89.132381 6.9976503 -3.5428465 2396.1106 5.3834896 0.9558302
89.132381 10.120672 -3.5418536 2397.263 5.383332 0.95600363
89.132381 13.255099 -3.5408217 2398.4543 5.3831631 0.95618949
89.132381 13.5 -3.5407411 2398.5474 5.3831499 0.95620403
90.831515 2.0612184 -3.4519711 2490.6824 5.3680611 0.98218994
90.831515 5.0326 -3.4610489 2482.1584 5.3711835 0.97866553
90.831515 8.7922677 -3.4599295 2483.5134 5.3710122 0.97885862
90.831515 12.072211 -3.4588449 2484.7997 5.3708271 0.97906722
90.831515 13.5 -3.4583726 2485.3598 5.3707463 0.97915828
92.737327 2.3385314 -3.3807264 2565.2639 5.3570893 1.0050563
92.737327 5.7224258 -3.3825729 2563.8186 5.3579568 1.004053
92.737327 10.004043 -3.3811836 2565.495 5.3577029 1.0043466
92.737327 13.5 -3.3800385 2566.8741 5.3574915 1.0045911
95.064524 1.5836812 -3.2963054 2651.0972 5.3406066 1.0370834
95.064524 3.8438149 -3.3024856 2645.7504 5.3432796 1.0338968
95.064524 9.4677508 -3.3007436 2647.894 5.3429445 1.0342958
95.064524 13.5 -3.2994507 2649.4711 5.342686 1.0346036
97.843824 1.457574 -3.2182176 2729.092 5.3254038 1.0707117
97.843824 3.5296026 -3.2221841 2725.95 5.3273692 1.0682918
97.843824 8.6854729 -3.2206069 2727.9049 5.3270373 1.0687
97.843824 13.5 -3.2191065 2729.7543 5.3267143 1.0690976
101.30079 1.9900197 -3.1392527 2805.6691 5.3095914 1.1094775
101.30079 4.855807 -3.1387653 2806.4453 5.3095846 1.1094861
101.30079 11.986803 -3.1366113 2809.1242 5.309088 1.1101207
101.30079 13.5 -3.1361539 2809.6929 5.3089823 1.1102558
105.28979 1.8009371 -3.0594965 2879.1129 5.2914977 1.1549204
105.28979 4.3881675 -3.0589672 2879.9035 5.2914453 1.1549901
105.28979 10.826025 -3.057046 2882.3133 5.2909771 1.1556128
105.28979 13.5 -3.0562456 2883.3165 5.2907812 1.1558735
110.27995 1.5004457 -2.9747307 2953.8046 5.2713344 1.2097311
110.27995 3.6435715 -2.9743419 2954.4563 5.2713288 1.2097389
110.27995 8.9763541 -2.9727275 2956.5127 5.2709232 1.210304
110.27995 13.5 -2.971347 2958.2663 5.2705727 1.2107924
116.15774 2.2113262 -2.8911897 3022.6037 5.2503428 1.2719219
116.15774 5.4181083 -2.8902491 3023.7895 5.2500836 1.2723016
116.15774 13.397608 -2.8878436 3026.7894 5.2494007 1.2733022
116.15774 13.5 -2.8878123 3026.8282 5.2493917 1.2733155
123.13343 1.4799995 -2.807965 3086.2171 5.228627 1.3427101
123.13343 3.6050134 -2.8073545 3087.0291 5.2284735 1.3429475
123.13343 8.8927281 -2.8056997 3089.1149 5.2279921 1.343692
123.13343 13.5 -2.8042055 3090.9501 5.2275296 1.3444076
131.34346 2.2505774 -2.725138 3144.0771 5.2060993 1.4231882
131.34346 5.5242727 -2.7241575 3145.2084 5.2057438 1.4237709
131.34346 13.5 -2.7215257 3148.0595 5.204686 1.4255059
141.25855 1.8007336 -2.6403284 3198.2264 5.1825601 1.5164745
141.25855 4.3996451 -2.6393918 3199.3435 5.1822302 1.5170506
141.25855 10.866569 -2.6366831 3202.272 5.1811108 1.519007
141.25855 13.5 -2.635416 3203.5378 5.1805302 1.5200226
152.77305 1.542008 -2.5493214 3262.2147 5.1599984 1.6185717
152.77305 3.7597031 -2.5483425 3263.3831 5.1596416 1.6192366
152.77305 9.2780383 -2.5452564 3266.5462 5.1582384 1.6218546
152.77305 13.5 -2.5422764 3269.224 5.1566819 1.6247636
165.13567 2.2048721 -2.456309 3340.185 5.1418121 1.7183917
165.13567 5.4131316 -2.4533222 3344.4386 5.1410361 1.7199276
165.13567 13.396308 -2.4441359 3353.6244 5.1366146 1.7287051
165.13567 13.5 -2.4440147 3353.7101 5.1365378 1.728858
177.71699 1.6794661 -2.3865922 3378.7201 5.1239101 1.819773
177.71699 4.1094099 -2.3850497 3379.7434 5.1228937 1.8219036
177.71699 10.155888 -2.3789339 3382.2117 5.1180461 1.8321001
177.71699 13.5 -2.3747688 3383.4489 5.1145164 1.8395605
195.59454 1.1137222 -2.3051203 3412.354 5.1012734 1.9595187
195.59454 2.705539 -2.3039704 3412.9549 5.1004294 1.9614237
195.59454 6.6664883 -2.2990591 3414.2906 5.0961979 1.9710027
195.59454 13.5 -2.2880506 3416.0873 5.0861033 1.9940428
216.21023 1.8167233 -2.2227656 3443.5319 5.0782383 2.1155667
216.21023 4.4584448 -2.2186142 3444.1997 5.0744238 2.124878
216.21023 11.031893 -2.2049006 3444.9957 5.0611117 2.157695
216.21023 13.5 -2.2002625 3445.1909 5.056572 2.1690016
239.69369 2.4226104 -2.1395819 3472.7792 5.0545273 2.2891403
239.69369 5.9698446 -2.1298164 3472.7185 5.0447315 2.3151032
239.69369 13.5 -2.1123325 3472.1591 5.0269677 2.3629375
266.40068 1.010222 -2.0603382 3501.0675 5.0352555 2.4674461
266.40068 2.459019 -2.0559523 3500.954 5.0308133 2.4800976
266.40068 6.0640896 -2.0424205 3499.7332 5.0166757 2.5207954
266.40068 13.5 -2.0243808 3498.6149 4.9980808 2.5753429
296.76619 2.3975571 -1.9714184 3527.802 5.0064297 2.6921555
296.76619 5.9147503 -1.953958 3528.1234 4.9891275 2.7463204
296.76619 13.5 -1.9342434 3530.9037 4.9707815 2.8049443
330.45424 1.0177155 -1.8955996 3558.3931 4.9923067 2.8874209
330.45424 2.4846948 -1.8837752 3559.4032 4.9809753 2.9253361
330.45424 6.1350087 -1.8632412 3561.3114 4.9613725 2.9921075
330.45424 13.5 -1.8462902 3563.9905 4.9457278 3.0464886
367.87058 2.1539395 -1.7731843 3595.6147 4.934552 3.2559618
367.87058 5.3155161 -1.7652856 3596.6605 4.9271585 3.2837951
367.87058 13.182531 -1.7539584 3600.6045 4.9177353 3.3196147
367.87058 13.5 -1.7537952 3600.8536 4.9176922 3.3197793
401.00079 2.1224052 -1.6935732 3635.2523 4.9114367 3.4910978
401.00079 5.2397103 -1.6847624 3637.0112 4.9034663 3.5232806
401.00079 12.996563 -1.6677029 3642.1701 4.8888692 3.5829918
401.00079 13.5 -1.6667063 3642.5783 4.8880673 3.5863011
