# mass_Mjup age_Gyr logL_Lsun Teff_K logg_cgs radius_Rjup
62.853931 1.1807118 -4.3792487 1531.951 5.2911407 0.8926961
62.853931 1.8941275 -4.5903826 1380.8547 5.321887 0.86164919
62.853931 3.6693341 -4.8175465 1242.7636 5.3660132 0.81896889
62.853931 7.1825661 -5.0674269 1106.6811 5.4144294 0.77456752
62.853931 10.769821 -5.2688512 1001.9379 5.4431269 0.7493946
66.057423 1.2742234 -4.3481711 1566.9586 5.3209029 0.88433563
66.057423 1.9439974 -4.5455045 1420.8759 5.3482308 0.85694551
66.057423 3.6106093 -4.7660417 1280.5144 5.3880813 0.81851742
66.057423 7.2190038 -5.0095177 1145.3206 5.4377277 0.77304492
66.057423 12.210025 -5.2621674 1012.3353 5.4759667 0.73975049
66.057423 12.598645 -5.2825107 1001.8251 5.47818 0.73786784
68.938554 1.15824 -4.1817941 1719.3371 5.3342805 0.88960783
68.938554 1.7085614 -4.4220544 1519.8307 5.3602774 0.86337633
68.938554 2.9015869 -4.637591 1367.8577 5.3927969 0.83164968
68.938554 5.8014134 -4.867383 1230.8845 5.4392944 0.7883002
68.938554 10.712419 -5.1249987 1090.2576 5.4861574 0.74689601
68.938554 13.5 -5.248938 1025.309 5.5033993 0.73221595
69.765314 1.3367186 -4.2639689 1649.7427 5.3498535 0.87902415
69.765314 1.9968467 -4.4706062 1486.2777 5.3752256 0.85371858
69.765314 3.5360385 -4.689507 1336.8935 5.4101139 0.82010714
69.765314 7.2382461 -4.9270669 1200.3898 5.4605758 0.77381949
69.765314 12.57924 -5.1857209 1060.1967 5.5034864 0.73651966
69.765314 13.5 -5.2258497 1039.1596 5.5087984 0.73202909
72.339534 1.2800152 -4.13739 1770.0323 5.3612705 0.88340606
72.339534 1.8995948 -4.3804693 1562.2526 5.3874302 0.8571968
72.339534 3.0326444 -4.5712189 1421.6218 5.414311 0.83107482
72.339534 5.8520344 -4.7926022 1281.516 5.4554541 0.79262651
72.339534 11.380892 -5.0581054 1134.6345 5.5094852 0.74482292
72.339534 13.5 -5.1499384 1085.001 5.5236147 0.73280474
73.329586 1.2638612 -4.096893 1809.6281 5.3651097 0.8855081
73.329586 1.880327 -4.3485904 1590.0732 5.3921182 0.85839718
73.329586 2.9029699 -4.5192163 1461.6327 5.4164286 0.83470515
73.329586 5.4476326 -4.7416716 1313.5959 5.4533781 0.79994172
73.329586 11.071808 -5.006274 1165.8932 5.5107685 0.74879538
73.329586 13.5 -5.1173576 1104.5606 5.5279751 0.73410778
75.173029 1.0868862 -3.926921 1976.7807 5.3593971 0.9024855
75.173029 1.6131192 -4.1642708 1756.4161 5.3914226 0.86981625
75.173029 2.4398915 -4.3888479 1564.4092 5.4148915 0.84662885
75.173029 4.0928902 -4.5725759 1428.6986 5.4409806 0.82157741
75.173029 8.1986931 -4.8033778 1282.9117 5.484807 0.78115151
75.173029 13.5 -5.0260833 1159.7207 5.5321391 0.7397232
75.933305 1.1713302 -3.9427132 1964.6215 5.3688412 0.89722907
75.933305 1.7429113 -4.1728048 1751.5191 5.3994767 0.86613498
75.933305 2.6464339 -4.3887778 1566.7259 5.4217623 0.844195
75.933305 4.4652564 -4.5634051 1437.3499 5.4466675 0.82033295
75.933305 8.9910689 -4.7959478 1288.9094 5.4898498 0.7805469
75.933305 13.5 -4.9761154 1189.6707 5.5308349 0.74457162
76.964365 1.144562 -3.8935804 2014.9534 5.3695102 0.90260452
76.964365 1.7590034 -4.134779 1788.2308 5.4033431 0.86812263
76.964365 2.6909754 -4.3549654 1596.0253 5.4259943 0.84577619
76.964365 4.4873513 -4.5037889 1483.3019 5.4475769 0.82501937
76.964365 7.7117568 -4.67067 1367.312 5.4730103 0.80121207
76.964365 12.346209 -4.8398124 1268.0924 5.5112857 0.76667228
76.964365 13.5 -4.8824509 1244.8369 5.5217705 0.75747335
77.454836 1.1740239 -3.889499 2020.6039 5.3730524 0.90179087
77.454836 1.9419505 -4.1547417 1772.3487 5.4105671 0.86367134
77.454836 3.1836219 -4.3791447 1578.6386 5.4339043 0.84077525
77.454836 5.469354 -4.527918 1467.0474 5.4553233 0.82029561
77.454836 8.911772 -4.6726639 1367.2374 5.4776683 0.79946214
77.454836 13.5 -4.8285457 1275.4273 5.5127973 0.76777401
78.107094 1.2011602 -3.8776843 2034.1775 5.3765103 0.90198203
78.107094 2.0138599 -4.1404519 1787.0561 5.4142753 0.86360547
78.107094 3.3697318 -4.3636902 1592.5436 5.4373261 0.84098828
78.107094 5.9294787 -4.496559 1491.7871 5.4566569 0.82247847
78.107094 9.1683081 -4.6142045 1407.4905 5.473257 0.80690893
78.107094 12.526326 -4.7057178 1347.6315 5.489273 0.79216654
78.107094 13.5 -4.7331173 1330.6756 5.4946768 0.78725355
78.358934 1.4499553 -3.9591742 1957.7023 5.3928295 0.88661956
78.358934 2.3261935 -4.1854887 1748.4491 5.4227694 0.85657887
78.358934 3.7927373 -4.3782251 1581.9766 5.441694 0.83811773
78.358934 6.8796937 -4.5094581 1483.0557 5.4607566 0.8199243
78.358934 10.166268 -4.610189 1410.9797 5.4749407 0.80664357
78.358934 13.5 -4.6899351 1358.269 5.4885469 0.79410619
78.942139 1.2837584 -3.8773024 2037.5147 5.3835944 0.8994251
78.942139 2.2339419 -4.1390335 1791.0204 5.4213247 0.86119181
78.942139 3.8031993 -4.3439832 1611.3311 5.4426114 0.8403429
78.942139 6.6631034 -4.4448457 1532.6567 5.4565142 0.82699927
78.942139 10.281719 -4.524806 1473.4334 5.4680171 0.81611937
78.942139 13.5 -4.5815683 1432.7174 5.4760995 0.80856042
79.480316 1.7429492 -3.9899185 1932.7558 5.4074662 0.87802012
79.480316 2.9431202 -4.2013914 1738.2639 5.434694 0.85092364
79.480316 5.5036728 -4.3719268 1590.0958 5.4504597 0.8356179
79.480316 8.7435215 -4.4237512 1550.1754 5.4581143 0.82828621
79.480316 12.102597 -4.459983 1522.8533 5.463455 0.82320891
79.480316 13.5 -4.4722627 1513.6773 5.4652356 0.82152312
79.972675 1.0629454 -3.7590879 2154.3203 5.3678507 0.92183508
79.972675 1.9689094 -4.0139271 1912.0512 5.4154469 0.87268022
79.972675 3.3609597 -4.206308 1735.5851 5.4396135 0.84873451
79.972675 6.7222914 -4.3536638 1606.3202 5.452514 0.83622197
79.972675 10.300984 -4.3721472 1591.3691 5.4547526 0.83406961
79.972675 13.5 -4.3798312 1585.4085 5.4559176 0.83295163
80.50535 1.0187747 -3.7241988 2189.6879 5.3641325 0.92886772
80.50535 1.8865566 -3.9690038 1955.8336 5.4127362 0.87831851
80.50535 3.5374949 -4.17896 1761.053 5.4404546 0.8507322
80.50535 7.0485841 -4.3065204 1649.0305 5.45384 0.83772241
80.50535 10.279534 -4.3210484 1636.2558 5.454858 0.83674123
80.50535 13.5 -4.321989 1635.4602 5.4549538 0.83664886
81.426262 1.2998316 -3.7871507 2132.3754 5.3859499 0.91099302
81.426262 2.6469618 -4.0243411 1907.2374 5.4293047 0.86663786
81.426262 5.4405103 -4.1735631 1768.7109 5.4475351 0.84863799
81.426262 8.9751672 -4.2141975 1733.4082 5.4531455 0.84317411
81.426262 12.639899 -4.2260234 1723.3144 5.4548261 0.84154428
81.426262 13.5 -4.2272211 1722.3019 5.4550029 0.84137298
82.239326 1.1533045 -3.7127528 2206.9627 5.3755924 0.92651264
82.239326 2.2894229 -3.9299663 1998.6709 5.4205911 0.87973528
82.239326 5.1164489 -4.0921772 1845.3894 5.4441889 0.85615635
82.239326 8.6934645 -4.1202498 1819.1368 5.4473709 0.8530257
82.239326 12.402114 -4.1225627 1817.0473 5.4476873 0.85271503
82.239326 13.5 -4.1225309 1817.0943 5.4477004 0.85270214
83.015963 1.006194 -3.6388243 2281.5988 5.3635232 0.94390215
83.015963 2.1832522 -3.867916 2060.5734 5.4156101 0.88896272
83.015963 5.1121496 -4.0128466 1923.1618 5.4406515 0.86369978
83.015963 8.8180623 -4.0439221 1894.1862 5.4453544 0.859036
83.015963 12.05111 -4.0464062 1891.84 5.4456855 0.85870858
83.015963 13.5 -4.0462994 1891.9715 5.4456995 0.85869483
83.997948 1.5213604 -3.7259365 2200.433 5.3928178 0.91797994
83.997948 3.6274948 -3.8891735 2043.5939 5.4276007 0.88194557
83.997948 6.7994306 -3.9331228 2001.6232 5.4355008 0.87396029
83.997948 10.088094 -3.9385241 1996.5544 5.4364975 0.87295803
83.997948 13.497779 -3.9383922 1996.7611 5.4365454 0.87290986
83.997948 13.5 -3.9383918 1996.7615 5.4365454 0.87290989
84.90768 1.0123008 -3.5774271 2348.3787 5.3620267 0.95624216
84.90768 2.429564 -3.7727686 2158.379 5.4108065 0.90401997
84.90768 5.9561685 -3.8429024 2090.897 5.42576 0.88858968
84.90768 9.2013955 -3.8484982 2085.6584 5.426998 0.88732405
84.90768 12.464162 -3.8482281 2086.0123 5.4270227 0.88729885
84.90768 13.5 -3.8479476 2086.3105 5.4269904 0.88733185
85.913528 1.0186734 -3.5472142 2381.4213 5.3612008 0.96280455
85.913528 2.4441532 -3.7135176 2219.2608 5.4049926 0.91546606
85.913528 5.9912031 -3.7595013 2174.7813 5.4158053 0.90414048
85.913528 9.2552443 -3.7612372 2173.217 5.4162913 0.90363474
85.913528 12.536927 -3.7603666 2174.1819 5.4161917 0.9037383
85.913528 13.5 -3.7600616 2174.513 5.4161513 0.90378036
87.053912 1.1984361 -3.5474835 2385.2494 5.3699871 0.95941918
87.053912 2.8901617 -3.6596501 2275.7304 5.4005018 0.92629864
87.053912 6.5132205 -3.6766417 2259.3178 5.4049194 0.92159948
87.053912 9.6615293 -3.6762095 2259.8796 5.4049192 0.92159973
87.053912 12.925696 -3.6751597 2261.0495 5.4047684 0.92175973
87.053912 13.5 -3.6749705 2261.2598 5.4047407 0.92178909
88.366835 1.45704 -3.5313688 2405.6575 5.3751734 0.96087236
88.366835 3.5322919 -3.590481 2348.0582 5.3921859 0.94223555
88.366835 6.657717 -3.5938368 2344.9443 5.3932363 0.94109676
88.366835 9.8981577 -3.5928807 2346.0564 5.3931039 0.94124021
88.366835 13.257847 -3.5917656 2347.3311 5.3929324 0.9414261
88.366835 13.5 -3.591685 2347.4231 5.3929199 0.94143957
89.867863 1.3699033 -3.4654888 2475.259 5.366156 0.97911112
89.867863 3.3148439 -3.5114053 2430.7365 5.3805414 0.96302883
89.867863 6.8059155 -3.5127067 2429.6894 5.3810943 0.96241601
89.867863 10.425459 -3.511521 2431.0941 5.3809126 0.96261733
89.867863 13.473513 -3.5105002 2432.2991 5.3807526 0.96279469
89.867863 13.5 -3.5104913 2432.3095 5.3807512 0.96279623
91.636141 1.4209429 -3.4056364 2539.1276 5.3590214 0.99685151
91.636141 3.440374 -3.4317146 2514.1299 5.3679124 0.98669961
91.636141 7.0651524 -3.4312807 2514.8382 5.3679678 0.9866367
91.636141 10.218431 -3.4302275 2516.1103 5.3677931 0.98683516
91.636141 13.5 -3.4291275 2517.4382 5.3676097 0.98704359
93.713325 1.2524477 -3.3288151 2618.8423 5.345634 1.0237442
93.713325 3.0203423 -3.3510329 2598.2843 5.354161 1.0137432
93.713325 7.4194299 -3.3501573 2599.5156 5.3541085 1.0138044
93.713325 12.985564 -3.3483169 2601.7631 5.3537693 1.0142004
93.713325 13.5 -3.3481468 2601.9709 5.353738 1.014237
96.169417 1.3374264 -3.2616035 2688.2567 5.3351036 1.0497225
96.169417 3.2322031 -3.2711182 2679.9822 5.339263 1.0447077
96.169417 7.9470139 -3.2697223 2681.7441 5.3390087 1.0450135
96.169417 13.5 -3.2679313 2683.9518 5.3386472 1.0454485
99.147404 2.1292078 -3.1898948 2760.5448 5.3227354 1.081137
99.147404 5.2024423 -3.1894371 2761.3199 5.3227655 1.0810996
99.147404 12.849633 -3.1870378 2764.3123 5.3222477 1.0817442
99.147404 13.5 -3.1868337 2764.5669 5.3222036 1.0817991
102.72834 1.2729739 -3.1065485 2839.8116 5.303977 1.1245128
102.72834 3.073835 -3.1088242 2838.3006 5.3053281 1.122765
102.72834 7.5549536 -3.1074674 2840.0155 5.3050206 1.1231626
102.72834 13.5 -3.1056471 2842.3087 5.3046025 1.1237033
107.03906 1.3599021 -3.0263124 2913.7311 5.2862327 1.1715547
107.03906 3.2919252 -3.0265678 2913.8757 5.2865743 1.171094
107.03906 8.0994168 -3.0250931 2915.7661 5.2862262 1.1715634
107.03906 13.5 -3.0234266 2917.8988 5.2858299 1.1720981
112.28193 1.0370775 -2.940797 2988.749 5.2656448 1.2286843
112.28193 2.4926306 -2.9418642 2988.3427 5.2664757 1.2275094
112.28193 6.1145125 -2.9407555 2989.7746 5.2661992 1.2279003
112.28193 13.5 -2.9384639 2992.7123 5.2656137 1.2287282
118.43593 1.0396153 -2.8588978 3055.0083 5.2450109 1.2922426
118.43593 2.5053083 -2.8591237 3055.2014 5.2453467 1.2917431
118.43593 6.1524214 -2.8580265 3056.5902 5.245039 1.2922009
118.43593 13.5 -2.8557607 3059.413 5.2443767 1.2931865
125.87378 1.5349627 -2.7746139 3119.4229 5.2234264 1.3657218
125.87378 3.7439754 -2.7739627 3120.2549 5.2232384 1.3660174
125.87378 9.240706 -2.7722252 3122.3849 5.2226863 1.3668859
125.87378 13.5 -2.7708036 3124.0796 5.2222073 1.3676399
134.62862 1.3869988 -2.6915751 3175.4208 5.2004977 1.450199
134.62862 3.3748146 -2.6909882 3176.1268 5.200297 1.4505341
134.62862 8.3211364 -2.6893705 3177.9379 5.1996696 1.4515823
134.62862 13.5 -2.6874805 3179.906 5.1988552 1.452944
145.13571 2.006406 -2.603599 3234.0554 5.1769433 1.5471175
145.13571 4.9120955 -2.6024176 3235.4815 5.1765277 1.5478578
145.13571 12.142381 -2.598818 3239.3012 5.1749777 1.5506224
145.13571 13.5 -2.5980355 3240.0617 5.174603 1.5512915
156.8827 1.4255236 -2.5137365 3299.4335 5.1556491 1.6484309
156.8827 3.471803 -2.5126478 3300.8675 5.1553153 1.6490645
156.8827 8.563601 -2.5090827 3304.9831 5.1539149 1.6517255
156.8827 13.5 -2.5045356 3309.6422 5.1518149 1.6557236
169.44633 1.9546118 -2.4213755 3380.3297 5.138824 1.7466739
169.44633 4.7921863 -2.4196776 3381.5766 5.1377668 1.7488012
169.44633 11.85298 -2.4133321 3384.2331 5.1327855 1.7588594
169.44633 13.5 -2.4115581 3384.7818 5.1312931 1.7618841
182.95888 2.143337 -2.3533865 3410.183 5.1194308 1.8559621
182.95888 5.2652937 -2.350797 3411.4413 5.1174822 1.8601305
182.95888 13.033721 -2.3407919 3414.2766 5.1089204 1.8785568
182.95888 13.5 -2.3401168 3414.434 5.1083253 1.8798442
201.8731 1.079937 -2.2708663 3444.1853 5.0968709 2.0008362
201.8731 2.6235472 -2.2695602 3444.781 5.0958652 2.0031543
201.8731 6.4645434 -2.2639408 3446.0007 5.0908608 2.0147288
201.8731 13.5 -2.2513484 3447.5341 5.0790412 2.0423322
223.18047 1.0197044 -2.1896067 3475.2547 5.0747895 2.1579487
223.18047 2.4774366 -2.1877026 3475.707 5.0731115 2.1621216
223.18047 6.1047408 -2.1797512 3476.247 5.06543 2.1813274
223.18047 13.5 -2.1636803 3476.5711 5.049521 2.2216486
247.48504 2.4175872 -2.1051098 3505.2578 5.0501187 2.3378837
247.48504 5.9594392 -2.09393 3504.8321 5.038728 2.3687448
247.48504 13.5 -2.0758865 3503.8883 5.0202165 2.4197694
275.16875 2.2158476 -2.0219424 3533.8807 5.0271292 2.5312948
275.16875 5.4038228 -2.0084534 3532.33 5.0128777 2.57317
275.16875 13.336525 -1.9877632 3532.386 4.9922151 2.6351163
275.16875 13.5 -1.9874405 3532.4462 4.9919219 2.6360059
306.46888 1.3850809 -1.9416371 3563.3768 5.0080506 2.7307104
306.46888 3.3974429 -1.9291696 3562.7105 4.9952582 2.7712254
306.46888 8.4048432 -1.9079249 3565.2594 4.9752559 2.8357831
306.46888 13.5 -1.8971788 3567.1667 4.9654389 2.8680156
340.25071 1.0056255 -1.8531735 3596.1676 4.9809124 2.9685961
340.25071 2.4568701 -1.843075 3597.2147 4.9713196 3.0015632
340.25071 6.0680312 -1.828859 3599.3587 4.9581387 3.0474597
340.25071 13.5 -1.8116627 3602.2565 4.9423403 3.1033955
377.04031 2.2933417 -1.7387256 3636.1364 4.9302541 3.3126428
377.04031 5.6632632 -1.7304698 3637.6417 4.9227173 3.3415117
377.04031 13.5 -1.7157388 3642.4678 4.9102896 3.3896656
