# mass_Mjup age_Gyr logL_Lsun Teff_K logg_cgs radius_Rjup
62.853931 1.2349307 -4.3751539 1550.9301 5.3084354 0.87509724
62.853931 1.9610303 -4.6157822 1374.3102 5.3390339 0.84480614
62.853931 3.2185656 -4.8126897 1248.8231 5.369606 0.81558831
62.853931 6.2654606 -5.0547873 1113.2473 5.4120664 0.77667761
62.853931 10.415945 -5.3075171 980.44043 5.4441145 0.74854302
62.853931 13.5 -5.4753203 897.35614 5.4580922 0.73659353
66.294743 1.3946753 -4.3651184 1570.2334 5.3430344 0.86363479
66.294743 2.1578081 -4.593236 1400.1808 5.3720316 0.83527888
66.294743 3.3700032 -4.7772158 1279.2849 5.399144 0.80960899
66.294743 6.3863325 -5.0037682 1149.3602 5.4396521 0.77271846
66.294743 11.092188 -5.2633542 1010.5629 5.4756668 0.74133404
66.294743 13.5 -5.3863617 947.68739 5.4870813 0.73165553
69.475003 1.2287292 -4.2024149 1716.2281 5.3551236 0.87188709
69.475003 1.7711702 -4.4066492 1548.9058 5.3811579 0.84614173
69.475003 2.746109 -4.6306493 1383.6605 5.4091762 0.81928302
69.475003 4.4872748 -4.8186184 1263.0622 5.4387261 0.79187935
69.475003 8.4599006 -5.0523284 1131.2018 5.4808974 0.75435082
69.475003 13.5 -5.3053611 995.45025 5.511848 0.72794415
70.162626 1.2836153 -4.208251 1713.6382 5.3626134 0.86866832
70.162626 1.8767659 -4.4163937 1543.6825 5.3893116 0.84237392
70.162626 3.0832748 -4.6630705 1363.5099 5.4203896 0.81276664
70.162626 5.5506024 -4.8768816 1230.8867 5.4564399 0.77972371
70.162626 10.319408 -5.123457 1094.6708 5.4992772 0.74220197
70.162626 13.5 -5.2906456 1004.3392 5.5168532 0.72733432
72.213552 1.0991377 -4.0470616 1865.0306 5.3610043 0.88290706
72.213552 1.6249081 -4.2887622 1651.6586 5.3916422 0.85230692
72.213552 2.569157 -4.5072375 1481.764 5.4215524 0.82345699
72.213552 4.067672 -4.724524 1328.2757 5.4488758 0.79795654
72.213552 7.3015327 -4.9319421 1204.8464 5.4868677 0.76380639
72.213552 12.739638 -5.1903696 1062.678 5.5271753 0.72917118
72.213552 13.5 -5.2294848 1041.3609 5.5310887 0.72589326
73.329586 1.1948415 -4.0614291 1855.9231 5.3735283 0.87696693
73.329586 1.8040339 -4.3093602 1638.0522 5.4045305 0.84621777
73.329586 2.7750881 -4.5065699 1485.6398 5.4320833 0.81979587
73.329586 4.3350714 -4.7171393 1336.111 5.4583689 0.79535852
73.329586 7.7579222 -4.9251124 1211.87 5.4967959 0.76093826
73.329586 13.418276 -5.1867174 1067.2639 5.5376641 0.72596444
73.329586 13.5 -5.1974992 1060.9214 5.5380914 0.7256074
75.770738 1.0753774 -3.9186478 1998.6864 5.3737081 0.89126014
75.770738 1.6754986 -4.1652651 1770.8696 5.4100931 0.85469664
75.770738 2.5223884 -4.382077 1586.7893 5.4362357 0.82935541
75.770738 4.209508 -4.6112457 1414.8794 5.4662049 0.8012279
75.770738 7.1294008 -4.8131396 1283.2993 5.4985331 0.77195503
75.770738 12.809858 -5.0695167 1137.6668 5.5456587 0.7311882
75.770738 13.5 -5.0995886 1120.97 5.5500462 0.72750407
77.406179 1.0888344 -3.8712365 2050.3163 5.3798758 0.89445338
77.406179 1.7120158 -4.1073312 1828.3261 5.4169015 0.8571263
77.406179 2.7557145 -4.3476289 1619.3185 5.4463138 0.82858809
77.406179 4.5793341 -4.5503201 1464.4569 5.4743822 0.80224033
77.406179 7.9334099 -4.7774794 1309.097 5.5067225 0.77291966
77.406179 13.5 -5.0220958 1167.9801 5.5531933 0.73265403
78.192083 1.5226311 -4.0172711 1913.2139 5.4100681 0.86827064
78.192083 2.5192581 -4.2573582 1698.2666 5.4431246 0.83584718
78.192083 4.1740057 -4.4585499 1535.7113 5.4695312 0.81081835
78.192083 7.3585012 -4.7000973 1359.9044 5.4998737 0.78298295
78.192083 13.5 -4.9670983 1201.443 5.5516538 0.73767023
79.173857 1.322561 -3.9042568 2024.5818 5.40076 0.88311786
79.173857 2.1964541 -4.1367871 1807.8218 5.4365715 0.84744775
79.173857 3.7712498 -4.3689082 1607.2351 5.4643877 0.82073853
79.173857 7.3517711 -4.6124113 1423.3554 5.4968266 0.79065201
79.173857 12.362326 -4.8285885 1284.323 5.5344474 0.75713786
79.173857 13.5 -4.8737895 1258.261 5.5440343 0.74882701
79.524763 1.1185688 -3.811553 2116.0184 5.3867133 0.8995024
79.524763 1.9183297 -4.0610579 1877.3063 5.428281 0.85746907
79.524763 3.2566058 -4.2845055 1679.0803 5.4578738 0.82874717
79.524763 5.9824584 -4.4872314 1517.9878 5.4853871 0.80290735
79.524763 9.4314599 -4.6764963 1379.122 5.5079895 0.78228357
79.524763 13.5 -4.8327148 1282.9323 5.5386123 0.75518408
80.251281 1.7530431 -3.9856979 1949.982 5.4228524 0.86677735
80.251281 3.1745518 -4.218477 1738.6158 5.4563235 0.83401141
80.251281 6.1098465 -4.4268542 1565.3506 5.4823328 0.80940779
80.251281 9.8238538 -4.5896711 1443.1423 5.5039398 0.78952133
80.251281 13.063963 -4.7030533 1363.4859 5.518688 0.77622885
80.251281 13.5 -4.7141919 1356.4916 5.5208925 0.77426126
80.733583 1.243216 -3.8137851 2118.1199 5.3972217 0.89541437
80.733583 2.2179299 -4.0536173 1888.0868 5.4373394 0.85499814
80.733583 4.1901828 -4.274908 1691.1621 5.4672833 0.82602507
80.733583 7.6933178 -4.4341347 1561.1847 5.4875862 0.80694101
80.733583 11.325368 -4.5519254 1472.715 5.5040346 0.79180384
80.733583 13.5 -4.6232702 1419.9317 5.5119744 0.78459888
80.864259 1.0717371 -3.7484324 2181.9406 5.3841408 0.90973666
80.864259 2.0037298 -4.0062871 1932.5711 5.4311657 0.86179349
80.864259 3.9863438 -4.2451231 1717.3027 5.4648473 0.82901506
80.864259 7.2348312 -4.4054988 1583.3546 5.4841483 0.81079665
80.864259 10.602863 -4.4990773 1512.8522 5.4986001 0.79741803
80.864259 13.5 -4.58929 1445.2613 5.5094122 0.78755334
81.248824 1.3885858 -3.8375571 2096.7108 5.4061085 0.88912347
81.248824 2.6202196 -4.0787152 1866.7644 5.4454705 0.84973021
81.248824 5.5583731 -4.3015391 1669.9134 5.4747121 0.82159966
81.248824 9.2759976 -4.40614 1583.9139 5.4874635 0.80962623
81.248824 12.519263 -4.4636132 1540.4397 5.4965892 0.80116452
81.248824 13.5 -4.4823478 1526.3647 5.4993782 0.79859612
81.608425 1.4695275 -3.844223 2091.4133 5.4102976 0.88680163
81.608425 2.7968221 -4.0750801 1871.2329 5.4479066 0.84922347
81.608425 5.9701809 -4.2773551 1691.7865 5.4750525 0.82309326
81.608425 9.3487448 -4.3602437 1621.6796 5.484419 0.81426501
81.608425 12.85164 -4.3965147 1592.3124 5.4889428 0.81003514
81.608425 13.5 -4.4011682 1588.7363 5.4896906 0.80933808
82.051395 1.5900865 -3.8533587 2083.9932 5.41561 0.88378328
82.051395 3.0649707 -4.0696129 1877.6539 5.4507412 0.84875072
82.051395 6.603294 -4.2437423 1722.2189 5.4747618 0.82560034
82.051395 9.8593048 -4.3024048 1671.679 5.4816824 0.81904834
82.051395 13.5 -4.3275061 1650.4261 5.4845565 0.81634267
82.652749 1.3831082 -3.7771731 2160.2906 5.4050592 0.89785625
82.652749 2.8593144 -4.0042275 1940.4606 5.4456842 0.85682931
82.652749 6.0208094 -4.1528893 1804.6965 5.4683434 0.83476592
82.652749 9.2986475 -4.2085868 1754.982 5.4755148 0.82790213
82.652749 12.69711 -4.2274735 1738.3973 5.4779071 0.82562505
82.652749 13.5 -4.2297532 1736.4104 5.4782001 0.82534659
83.267926 1.8197527 -3.8347663 2106.3509 5.4219471 0.88383888
83.267926 3.8400207 -4.0182508 1929.2949 5.4529031 0.85289407
83.267926 7.4663012 -4.1012192 1852.7762 5.4655689 0.84054738
83.267926 10.620886 -4.122396 1833.7589 5.4688228 0.83740446
83.267926 13.5 -4.1295814 1827.3759 5.4699508 0.83631766
83.882048 1.3693526 -3.7202984 2220.6771 5.4024892 0.90718886
83.882048 3.1325555 -3.9261719 2019.3212 5.4432426 0.86560741
83.882048 6.2974169 -4.0153934 1933.999 5.4574676 0.85154674
83.882048 9.5787452 -4.0340568 1916.5091 5.4603495 0.84872608
83.882048 12.980826 -4.0373985 1913.4347 5.4609022 0.84818612
83.882048 13.5 -4.0374992 1913.3504 5.4609264 0.84816258
84.548976 1.7650503 -3.7592499 2184.2286 5.4161308 0.89659552
84.548976 4.0998176 -3.9087881 2038.3668 5.4456059 0.86668041
84.548976 7.6160851 -3.9495875 1999.0396 5.4525616 0.85976779
84.548976 11.261751 -3.9547157 1994.1565 5.4534411 0.8588976
84.548976 13.5 -3.9546988 1994.2245 5.4534834 0.85885578
85.35444 1.3725823 -3.6536852 2292.9434 5.3990648 0.91873116
85.35444 3.2710388 -3.8138878 2133.808 5.4343154 0.88219208
85.35444 6.6786739 -3.860518 2088.1721 5.4433893 0.87302396
85.35444 10.21171 -3.8648988 2083.9743 5.4442744 0.87213481
85.35444 13.5 -3.864358 2084.5983 5.4442538 0.87215553
86.245699 1.7620517 -3.6664007 2283.371 5.4090242 0.91298655
86.245699 4.299767 -3.7634765 2185.8808 5.4303 0.89089493
86.245699 7.5107198 -3.7753917 2174.3893 5.4330585 0.88807008
86.245699 10.839836 -3.7755867 2174.3168 5.4331956 0.88792997
86.245699 13.5 -3.7747271 2175.2469 5.4330789 0.88804925
87.228902 1.0581434 -3.5160141 2437.1799 5.3768049 0.95287408
87.228902 2.5470273 -3.6605189 2292.7439 5.4151816 0.91168997
87.228902 5.7356732 -3.6930441 2260.1534 5.4228363 0.90369076
87.228902 9.0416613 -3.6936859 2259.6498 5.4230909 0.90342586
87.228902 12.46931 -3.692537 2260.9625 5.4229509 0.90357147
87.228902 13.5 -3.6921669 2261.3821 5.4229032 0.90362112
88.351725 1.434176 -3.5336997 2423.6194 5.3903525 0.94414575
88.351725 3.4812069 -3.6069817 2350.3977 5.4103422 0.9226653
88.351725 7.1555255 -3.6129242 2344.6304 5.4120169 0.92088806
88.351725 10.3519 -3.6119244 2345.8011 5.4118843 0.92102869
88.351725 13.5 -3.6107638 2347.131 5.4117083 0.92121531
89.627044 1.3560885 -3.4746838 2486.5744 5.3821088 0.96000366
89.627044 3.2854369 -3.5311746 2430.7603 5.3991623 0.94133921
89.627044 6.7485214 -3.5341644 2427.9927 5.400173 0.94024447
89.627044 10.339047 -3.5329073 2429.4747 5.399976 0.94045779
89.627044 13.462529 -3.531751 2430.8268 5.3997863 0.94066325
89.627044 13.5 -3.5317371 2430.843 5.399784 0.94066572
91.150503 1.3753546 -3.4174241 2549.3694 5.3754943 0.97552889
91.150503 3.3321824 -3.4538901 2512.7766 5.3868448 0.96286388
91.150503 6.8445911 -3.4540717 2512.8642 5.3870869 0.96259558
91.150503 10.486256 -3.4527352 2514.5009 5.3868816 0.9628231
91.150503 13.5 -3.45162 2515.8651 5.3867087 0.96301484
92.942343 1.6933978 -3.3635933 2609.0929 5.3703452 0.99092776
92.942343 4.1229348 -3.3746547 2598.5187 5.3743518 0.98636733
92.942343 7.7819297 -3.373479 2600.0111 5.3741735 0.9865698
92.942343 11.575576 -3.372092 2601.7108 5.3739219 0.98685569
92.942343 13.5 -3.3713874 2602.5741 5.3737936 0.98700145
94.968278 1.5462863 -3.2906743 2685.7795 5.3571144 1.0170443
94.968278 3.7563434 -3.2985726 2678.5916 5.3603573 1.0132542
94.968278 9.2556727 -3.2967018 2680.9339 5.3600049 1.0136653
94.968278 13.5 -3.2951844 2682.8114 5.3597037 1.014017
97.491547 1.6127326 -3.2164965 2762.3988 5.343189 1.0471207
97.491547 3.921355 -3.2191306 2760.3242 5.344518 1.0455197
97.491547 9.6659463 -3.2171575 2762.7993 5.3441019 1.0460207
97.491547 13.5 -3.2158287 2764.4627 5.3438187 1.0463618
100.58049 1.4090818 -3.136496 2842.1566 5.3261819 1.0846103
100.58049 3.4157256 -3.1385284 2840.732 5.3273433 1.083161
100.58049 8.4088976 -3.1368633 2842.8493 5.3269724 1.0836235
100.58049 13.5 -3.1351523 2845.0206 5.3265878 1.0841035
104.40485 1.2889489 -3.0544434 2921.1641 5.307968 1.1284547
104.40485 3.1182111 -3.0555429 2920.6051 5.308735 1.1274586
104.40485 7.6700009 -3.0540456 2922.5474 5.3083926 1.1279031
104.40485 13.5 -3.0521153 2925.048 5.3079481 1.1284805
109.00791 1.1817772 -2.9709874 2998.6303 5.2887172 1.1789033
109.00791 2.8543591 -2.9715341 2998.5613 5.2892239 1.1782158
109.00791 7.016278 -2.9701732 3000.3383 5.2888922 1.1786658
109.00791 13.5 -2.9680594 3003.0619 5.2883546 1.1793955
114.4816 2.264998 -2.8883331 3070.3707 5.2684121 1.2367148
114.4816 5.5541152 -2.8872844 3071.7284 5.2681314 1.2371145
114.4816 13.5 -2.8846993 3075.0397 5.267418 1.2381311
121.04475 1.3175141 -2.8051123 3136.7464 5.2465559 1.3040756
121.04475 3.2024421 -2.8045948 3137.4798 5.2464446 1.3042428
121.04475 7.8927462 -2.8030653 3139.4421 5.2460013 1.3049086
121.04475 13.5 -2.8011623 3141.843 5.2454263 1.3057728
128.71362 2.0776225 -2.7218604 3200.0141 5.2246726 1.3790619
128.71362 5.0990113 -2.7208357 3201.3333 5.2243639 1.379552
128.71362 12.617194 -2.7180663 3204.7406 5.2234425 1.3810163
128.71362 13.5 -2.7177204 3205.151 5.223319 1.3812125
137.9043 1.6277109 -2.639418 3254.3097 5.2014115 1.4661924
137.9043 3.9771313 -2.6386131 3255.2797 5.2011243 1.4666772
137.9043 9.8232411 -2.6363161 3257.8387 5.2001924 1.4682516
137.9043 13.5 -2.6346476 3259.5612 5.1994421 1.4695204
148.9677 2.2322286 -2.5493834 3316.4758 5.177763 1.5659301
148.9677 5.4812529 -2.5478066 3318.3505 5.1771678 1.5670034
148.9677 13.5 -2.5425957 3323.6047 5.1747054 1.571452
160.98636 1.028086 -2.4601225 3384.4257 5.1574316 1.6664278
160.98636 2.48831 -2.4592959 3385.5444 5.1571791 1.6669123
160.98636 6.1218146 -2.4566537 3388.4899 5.1560477 1.6690851
160.98636 13.5 -2.4491885 3394.7572 5.1517925 1.6772819
173.8533 1.4777869 -2.3728248 3456.5048 5.1401365 1.7665706
173.8533 3.6105381 -2.3714932 3457.3867 5.1392481 1.7683784
173.8533 8.9175057 -2.3661768 3459.6057 5.1350463 1.7769537
173.8533 13.5 -2.3601423 3461.6338 5.1300298 1.787246
188.30304 1.5744889 -2.3028064 3487.6798 5.1203903 1.8807943
188.30304 3.8547497 -2.300726 3488.6918 5.1188139 1.8842108
188.30304 9.528768 -2.2923371 3490.9936 5.1115708 1.8999889
188.30304 13.5 -2.2856983 3492.3804 5.1056219 1.9130463
207.71326 1.685896 -2.2206115 3521.4014 5.0975179 2.0280606
207.71326 4.1361897 -2.2169084 3522.2673 5.094242 2.0357239
207.71326 10.233305 -2.203996 3523.66 5.0820164 2.0645799
207.71326 13.5 -2.1975697 3524.1938 5.0758532 2.0792815
229.73814 2.427719 -2.137743 3552.4145 5.0736507 2.1922948
229.73814 5.9854576 -2.1279035 3552.7504 5.0639756 2.2168512
229.73814 13.5 -2.11007 3552.8607 5.0461959 2.2626968
254.90951 1.6254192 -2.0570863 3582.3149 5.0527075 2.3656312
254.90951 3.9925686 -2.0483011 3581.9937 5.0437665 2.3901081
254.90951 9.8827939 -2.0297549 3580.807 5.0246447 2.4433093
254.90951 13.5 -2.0224004 3580.4887 5.0171358 2.4645231
283.23664 1.0605085 -1.9770585 3611.5223 5.0325493 2.5521597
283.23664 2.590466 -1.9694737 3610.8563 5.0246441 2.5754934
283.23664 6.3974897 -1.9523315 3608.8248 5.0065243 2.6297857
283.23664 13.5 -1.9348601 3610.2359 4.9897319 2.6811216
315.30746 1.0651811 -1.8945702 3640.7768 5.0106608 2.7614965
315.30746 2.6052476 -1.8832733 3639.4202 4.9987164 2.7997334
315.30746 6.4374258 -1.8623891 3641.8083 4.9789718 2.8641055
315.30746 13.5 -1.8462811 3644.7424 4.9642628 2.9130201
