# mass_Mjup age_Gyr logL_Lsun Teff_K logg_cgs radius_Rjup
62.853931 1.4152276 -4.4144762 1473.7022 5.2590277 0.92631814
62.853931 2.4735229 -4.5559696 1395.4349 5.3057205 0.87783676
62.853931 4.1727533 -4.8259019 1223.772 5.3476165 0.83649962
62.853931 7.3760326 -5.0567544 1097.2557 5.3888984 0.79767284
62.853931 13.082641 -5.3143547 969.19912 5.4309193 0.76000131
62.853931 13.5 -5.3362441 958.27893 5.4331244 0.75807435
64.76756 1.1469597 -4.3526629 1515.4413 5.258757 0.9406066
64.76756 1.7228011 -4.439103 1465.5179 5.2870051 0.91050843
64.76756 3.1556786 -4.6299397 1351.4676 5.3370999 0.85948163
64.76756 5.2921311 -4.8824554 1195.3418 5.3763615 0.82149661
64.76756 9.4335504 -5.1057402 1077.6956 5.4196623 0.78154753
64.76756 13.5 -5.2761865 992.76125 5.4475034 0.75689363
67.307518 1.0530752 -4.2221143 1630.6449 5.2721955 0.94415176
67.307518 1.3425729 -4.3648546 1515.1621 5.2873346 0.92783824
67.307518 2.0346012 -4.4477956 1466.9645 5.3141177 0.89966472
67.307518 3.7565888 -4.6320926 1356.7188 5.3626956 0.85072998
67.307518 6.528547 -4.8915892 1196.4826 5.4038584 0.81135394
67.307518 11.599732 -5.1177655 1078.8252 5.4502135 0.76918852
67.307518 13.5 -5.1916298 1041.6268 5.463122 0.75784178
69.861962 1.3693752 -4.2990486 1575.355 5.3053832 0.92584131
69.861962 1.9649754 -4.414387 1490.4595 5.3244887 0.90569887
69.861962 3.4470194 -4.5167368 1435.2199 5.3612315 0.86818523
69.861962 6.5773383 -4.7854094 1264.6105 5.4100574 0.82072843
69.861962 11.844635 -5.0250372 1133.3062 5.4592472 0.77554068
69.861962 13.5 -5.0911607 1098.8202 5.4716881 0.76451163
71.107566 1.1487233 -4.1093529 1745.7433 5.3017703 0.93795178
71.107566 1.6274579 -4.3322048 1553.3577 5.3217867 0.91658411
71.107566 2.5846107 -4.4374052 1481.1674 5.3443178 0.89311378
71.107566 4.9663132 -4.5694421 1407.8783 5.3881985 0.84911487
71.107566 8.7796613 -4.8308779 1240.615 5.4299219 0.80929103
71.107566 13.5 -5.0152935 1141.9267 5.4703425 0.77249282
72.172377 1.4135387 -4.2100491 1659.5639 5.3209761 0.92428352
72.172377 1.9461316 -4.3606545 1534.6906 5.3356889 0.90875921
72.172377 3.2212092 -4.4483218 1477.7801 5.3577122 0.88600707
72.172377 6.3940105 -4.5867509 1400.2199 5.402487 0.84149161
72.172377 9.7719809 -4.7950329 1263.9104 5.4328491 0.81258482
72.172377 13.5 -4.9359835 1185.9231 5.4631607 0.78471674
72.947975 1.2463246 -4.0865111 1772.9134 5.3168545 0.93365654
72.947975 1.8252033 -4.3094185 1577.4205 5.3368018 0.91245929
72.947975 3.018808 -4.4241385 1492.2312 5.3550764 0.89346223
72.947975 5.9888786 -4.5216449 1439.3628 5.3899194 0.85833084
72.947975 9.7468875 -4.701417 1324.4392 5.4251385 0.82422382
72.947975 13.025384 -4.8256209 1247.9154 5.4459549 0.80470542
72.947975 13.5 -4.8409985 1239.1847 5.449136 0.80176375
73.292041 1.4221332 -4.1523129 1715.2699 5.3272797 0.92469035
73.292041 2.1248893 -4.3435881 1551.5531 5.3442916 0.90675585
73.292041 3.67623 -4.4365414 1486.4665 5.3627988 0.88763978
73.292041 6.9986357 -4.5317569 1434.2959 5.3959489 0.85440098
73.292041 10.443306 -4.6781298 1340.7859 5.4252044 0.82610255
73.292041 13.5 -4.7950762 1266.226 5.442758 0.80957515
73.329586 1.1599559 -4.0272321 1828.4078 5.3133838 0.93984342
73.329586 1.7234903 -4.2740654 1607.4692 5.3364955 0.91516555
73.329586 2.5413698 -4.3885316 1517.0101 5.3503449 0.9006892
73.329586 4.5765157 -4.4598769 1474.17 5.3719265 0.8785857
73.329586 8.2295014 -4.5667711 1414.3174 5.406818 0.84399214
73.329586 11.407318 -4.7175417 1314.6476 5.4306385 0.82116069
73.329586 13.5 -4.7888206 1270.0191 5.4419211 0.81056317
73.766435 1.0200287 -3.9274006 1923.691 5.3043808 0.95246005
73.766435 1.5035943 -4.1590055 1710.9764 5.3324206 0.92220375
73.766435 2.3252036 -4.3463773 1550.8875 5.3491374 0.90462479
73.766435 4.1332588 -4.4338866 1488.9048 5.3657932 0.88744321
73.766435 7.3786281 -4.503168 1451.691 5.3911036 0.86195654
73.766435 10.743427 -4.5887021 1402.5618 5.4168291 0.83680187
73.766435 13.5 -4.7068487 1322.7202 5.4331595 0.82121603
73.939606 1.129898 -3.9886564 1866.455 5.3141837 0.94287579
73.939606 1.7165457 -4.2325266 1645.8546 5.3395497 0.91573852
73.939606 2.7303018 -4.3753654 1528.9834 5.3544337 0.90018025
73.939606 5.2528512 -4.4494379 1481.0731 5.3732011 0.88093888
73.939606 8.4446149 -4.5111147 1447.587 5.3951506 0.85895621
73.939606 11.753835 -4.5881262 1403.272 5.4181509 0.83650956
73.939606 13.5 -4.6587903 1355.3654 5.4284732 0.82662729
74.299942 1.125348 -3.9722628 1883.1824 5.3154009 0.94384688
74.299942 1.7023486 -4.2041138 1672.3669 5.3410087 0.91642654
74.299942 2.662769 -4.3529549 1547.4441 5.3549833 0.9018003
74.299942 5.0526023 -4.4310623 1491.5633 5.3691976 0.88716258
74.299942 8.6518017 -4.478956 1466.0643 5.3871367 0.8690278
74.299942 12.383452 -4.5381553 1432.836 5.4065099 0.84985936
74.299942 13.5 -4.5582571 1421.3196 5.4125927 0.8439285
74.658367 1.2112392 -3.9978576 1860.5989 5.3221272 0.93882234
74.658367 1.8615008 -4.2281443 1652.2313 5.3460863 0.91327983
74.658367 2.9771981 -4.3551221 1546.8942 5.3586232 0.90019251
74.658367 5.6373544 -4.4231522 1496.5263 5.3691482 0.88935042
74.658367 10.014687 -4.4587097 1486.5027 5.3930311 0.86522979
74.658367 13.240333 -4.5153938 1454.1898 5.4115368 0.84699066
74.658367 13.5 -4.520396 1451.291 5.4130727 0.84549431
75.26623 1.2196615 -3.9761879 1883.1726 5.3249287 0.93960113
75.26623 1.8976556 -4.1951001 1683.799 5.3494414 0.913455
75.26623 3.3824962 -4.3389043 1561.4722 5.3622215 0.90011311
75.26623 7.0772549 -4.3485209 1564.6795 5.3754028 0.88655662
75.26623 10.499041 -4.4273065 1503.2839 5.3846508 0.87716737
75.26623 13.5 -4.4385085 1496.3374 5.3878069 0.87398586
75.516796 1.2478796 -3.9780654 1882.3642 5.3275037 0.93837779
75.516796 1.9872667 -4.1986795 1681.4493 5.3520383 0.91224271
75.516796 3.5288562 -4.3291591 1569.9536 5.36333 0.90046029
75.516796 6.8303783 -4.3704843 1537.6966 5.3685905 0.89502321
75.516796 10.253396 -4.3780552 1531.8808 5.3695788 0.8940054
75.516796 13.5 -4.3791753 1531.044 5.3697497 0.89382957
75.939099 1.2296883 -3.9520019 1908.6264 5.3279311 0.94053493
75.939099 1.9983337 -4.1721525 1706.6558 5.3537818 0.91295547
75.939099 3.9109693 -4.3118316 1585.0522 5.3650514 0.90118671
75.939099 7.8969395 -4.3334514 1570.5942 5.3707529 0.89529061
75.939099 11.438053 -4.3467555 1559.8227 5.372102 0.89390119
75.939099 13.5 -4.3476592 1559.1188 5.3722216 0.89377808
76.879681 1.3136445 -3.943228 1920.6229 5.3353881 0.93825205
76.879681 2.1823633 -4.1453214 1733.6171 5.3595259 0.91253729
76.879681 4.3440136 -4.2541375 1636.9424 5.3686628 0.90298841
76.879681 7.5995589 -4.2630078 1629.2467 5.3693468 0.90227753
76.879681 10.974908 -4.2629475 1629.3378 5.3693837 0.90223925
76.879681 13.5 -4.2627032 1629.5793 5.3693968 0.90222559
77.986821 1.5574515 -3.968192 1900.8961 5.3486268 0.93068983
77.986821 2.7740067 -4.1280846 1752.787 5.3676025 0.91057795
77.986821 5.8011853 -4.1778213 1708.3998 5.3727807 0.90516562
77.986821 9.0241163 -4.1802937 1706.26 5.3730758 0.90485807
77.986821 12.365651 -4.1800271 1706.5411 5.3730955 0.90483762
77.986821 13.5 -4.1798924 1706.6756 5.3730977 0.90483532
79.115177 1.8965652 -3.9721775 1901.2379 5.3591633 0.92609601
79.115177 3.7407126 -4.0805647 1799.8971 5.3723954 0.91209483
79.115177 7.0508653 -4.0948111 1786.8751 5.3740277 0.91038232
79.115177 11.145697 -4.0947643 1786.9879 5.3740906 0.91031637
79.115177 13.5 -4.0944392 1787.326 5.3740942 0.91031268
80.305836 1.6648944 -3.8584769 2016.3564 5.3540732 0.93852253
80.305836 3.3338527 -3.9908697 1887.7875 5.3720093 0.91934107
80.305836 6.9081524 -4.0081666 1871.5108 5.3742632 0.91695863
80.305836 10.613986 -4.0080005 1871.7461 5.3743155 0.91690342
80.305836 13.5 -4.0075321 1872.2492 5.3743139 0.91690504
81.56644 1.8224864 -3.8135318 2065.7041 5.3578958 0.94170658
81.56644 4.431111 -3.9170969 1963.4532 5.3732708 0.92518407
81.56644 7.7317851 -3.9206939 1960.0248 5.3738318 0.92458668
81.56644 11.153924 -3.9201343 1960.6633 5.373838 0.92458011
81.56644 13.5 -3.9196909 1961.1595 5.3738342 0.92458406
82.688691 1.048341 -3.627707 2241.1854 5.3196443 0.99085174
82.688691 2.5025831 -3.8070611 2076.5626 5.3664674 0.93885202
82.688691 5.617039 -3.8460296 2037.7861 5.3726902 0.93214987
82.688691 8.8461069 -3.8462062 2037.715 5.3728061 0.93202543
82.688691 12.194004 -3.8455112 2038.5139 5.3727921 0.93204045
82.688691 13.5 -3.8452336 2038.8322 5.3727857 0.93204737
83.960679 1.9286872 -3.7088547 2172.4675 5.3533239 0.96046997
83.960679 4.6917645 -3.7635493 2122.8618 5.3678923 0.94449489
83.960679 11.567185 -3.7653858 2121.4377 5.3685629 0.9437659
83.960679 13.5 -3.7649377 2121.9144 5.3685052 0.94382864
85.429846 1.612011 -3.6254404 2253.0717 5.3407302 0.98298636
85.429846 3.9014526 -3.6801011 2203.8048 5.3569833 0.96476365
85.429846 7.3494573 -3.6826422 2201.643 5.3578196 0.96383525
85.429846 13.255965 -3.6812695 2203.1492 5.3576349 0.9640402
85.429846 13.5 -3.6812098 2203.2142 5.3576264 0.96404962
87.184539 1.8874868 -3.5746708 2304.5181 5.3380109 0.99614387
87.184539 4.5847204 -3.5969165 2284.8468 5.3453644 0.98774604
87.184539 7.9975106 -3.5966779 2285.2359 5.3454216 0.98768101
87.184539 11.535891 -3.5958109 2286.1912 5.3452807 0.98784127
87.184539 13.5 -3.5953252 2286.7255 5.3452009 0.98793199
89.176703 1.1421638 -3.4595631 2413.2516 5.312805 1.0371247
89.176703 2.7288493 -3.5117004 2367.5507 5.3317291 1.0147731
89.176703 6.6770307 -3.5137537 2365.9854 5.3326334 1.0137171
89.176703 13.5 -3.512062 2367.9053 5.3323509 1.0140469
91.444448 1.4682776 -3.4168009 2458.5669 5.3132665 1.049671
91.444448 3.5393706 -3.4330121 2444.6601 5.3196235 1.0420168
91.444448 7.2568795 -3.4323697 2445.498 5.3195764 1.0420732
91.444448 11.111193 -3.4313963 2446.6347 5.3194103 1.0422726
91.444448 13.5 -3.4307925 2447.3397 5.319307 1.0423965
94.174987 1.9656972 -3.3479698 2526.1967 5.3043541 1.0762137
94.174987 4.7779627 -3.3499113 2524.8314 5.3053566 1.0749723
94.174987 8.0880458 -3.3490932 2525.8022 5.3052062 1.0751584
94.174987 12.974706 -3.3478699 2527.2486 5.3049774 1.0754417
94.174987 13.5 -3.3477384 2527.404 5.3049528 1.0754722
97.222005 1.3605628 -3.2658025 2602.6948 5.2878401 1.1144741
97.222005 3.2733791 -3.2717416 2598.242 5.2908047 1.1106768
97.222005 8.0330784 -3.2706168 2599.605 5.290591 1.1109502
97.222005 13.5 -3.2692565 2601.2368 5.2903207 1.1112959
101.02101 1.6764201 -3.1877042 2674.7767 5.2738462 1.1544909
101.02101 4.061223 -3.1882232 2674.6803 5.2743025 1.1538846
101.02101 9.9953756 -3.1867377 2676.4832 5.2739876 1.154303
101.02101 13.5 -3.1858583 2677.5488 5.2737997 1.1545527
105.51063 1.5904816 -3.1042684 2747.6232 5.2559734 1.2043956
105.51063 3.8513802 -3.1043112 2747.9071 5.2561957 1.2040875
105.51063 9.4772194 -3.1028792 2749.6464 5.2558629 1.2045489
105.51063 13.5 -3.1018509 2750.8936 5.2556224 1.2048825
110.85493 1.7071002 -3.0203846 2816.3518 5.2364674 1.2625588
110.85493 4.1481877 -3.0199332 2816.9888 5.2364088 1.2626439
110.85493 10.222395 -3.0184098 2818.8083 5.2360072 1.2632279
110.85493 13.5 -3.0175801 2819.7973 5.2357868 1.2635484
117.1936 1.1389914 -2.9357368 2880.9935 5.2153899 1.3300402
117.1936 2.7413789 -2.936101 2881.0931 5.2158142 1.3293907
117.1936 6.7286318 -2.935058 2882.3717 5.215542 1.3298074
117.1936 13.5 -2.9332481 2884.5682 5.2150554 1.3305526
124.70406 1.4577987 -2.8518226 2941.1472 5.1943504 1.405636
124.70406 3.5373023 -2.8513745 2941.712 5.1942358 1.4058214
124.70406 8.7117728 -2.8500508 2943.1897 5.1937845 1.406552
124.70406 13.5 -2.8487802 2944.5671 5.1933267 1.4072936
133.58764 2.2323349 -2.7683122 2994.0293 5.1716828 1.4933085
133.58764 5.4603126 -2.7673784 2995.1134 5.1713778 1.4938328
133.58764 13.492554 -2.7648388 2997.8775 5.1704408 1.4954453
133.58764 13.5 -2.7648363 2997.8802 5.1704398 1.495447
144.1704 2.3161924 -2.6770687 3055.9399 5.1491041 1.5921859
144.1704 5.6699221 -2.6758434 3057.399 5.148708 1.5929121
144.1704 13.5 -2.6724641 3061.0001 5.1473737 1.595361
155.62705 1.2150568 -2.588519 3120.3214 5.1299815 1.6910621
155.62705 2.9341407 -2.587782 3121.3168 5.1297987 1.6914181
155.62705 7.2117716 -2.585429 3124.2722 5.1290897 1.6927993
155.62705 13.5 -2.5805877 3130.0961 5.1274836 1.6959324
168.09668 1.0874503 -2.5067143 3176.302 5.1125407 1.7931515
168.09668 2.6206856 -2.5062026 3176.777 5.1122888 1.7936717
168.09668 6.4358655 -2.5044205 3177.9715 5.1111598 1.7960047
168.09668 10.712075 -2.5017055 3179.3144 5.1091786 1.8001058
168.09668 13.5 -2.4995849 3180.1795 5.1075307 1.8035242
183.33697 2.0860926 -2.4313361 3206.68 5.0913887 1.9188385
183.33697 5.1098017 -2.42964 3207.5356 5.0901561 1.9215636
183.33697 12.633757 -2.4228372 3209.3845 5.0843544 1.9344416
183.33697 13.5 -2.4219047 3209.5728 5.0835238 1.9362922
202.95623 2.3409376 -2.3473556 3237.1119 5.067969 2.0740751
202.95623 5.748518 -2.3442008 3237.8343 5.0652018 2.0806934
202.95623 13.5 -2.3337105 3238.7246 5.0551891 2.1048174
225.20176 1.1102457 -2.2655694 3264.6471 5.0460663 2.2405803
225.20176 2.6906891 -2.2641239 3264.9693 5.0447922 2.2438693
225.20176 6.623338 -2.2578306 3265.1618 5.0386013 2.2599198
225.20176 13.5 -2.2455673 3264.763 5.0261258 2.292613
250.43969 1.0584341 -2.18343 3291.4921 5.0242845 2.4227974
250.43969 2.5661172 -2.1811758 3291.5839 5.0220787 2.4289578
250.43969 6.3177153 -2.1722593 3290.8209 5.0127595 2.4551589
250.43969 13.5 -2.1568631 3289.8607 4.9968564 2.5005247
278.89147 1.9230448 -2.1000432 3316.6082 5.0008353 2.6266836
278.89147 4.7216668 -2.0899573 3317.3268 4.9911257 2.6562108
278.89147 11.685534 -2.0698912 3319.056 4.9719649 2.715457
278.89147 13.5 -2.066304 3319.4444 4.9685809 2.726057
310.22293 1.0185918 -2.0205874 3345.3918 4.9826294 2.8289811
310.22293 2.4753516 -2.0139459 3345.8761 4.9762393 2.8498702
310.22293 6.1002364 -1.9969881 3346.8046 4.9597635 2.9044436
310.22293 12.606724 -1.9798396 3348.2198 4.9433494 2.9598522
310.22293 13.5 -1.9782396 3348.4045 4.9418453 2.9649821
345.46695 1.0539866 -1.9375983 3376.0912 4.9622416 3.0562596
345.46695 2.5670777 -1.9268901 3376.5757 4.9517827 3.0932832
345.46695 6.3321326 -1.9071543 3377.5725 4.9325596 3.1625049
345.46695 11.096029 -1.8944447 3378.7481 4.9204545 3.2068878
345.46695 13.5 -1.8905083 3379.3145 4.9168094 3.2203742
384.90152 2.2580946 -1.843387 3412.521 4.933618 3.3340612
384.90152 5.5677202 -1.8294532 3410.6814 4.9187476 3.3916326
384.90152 10.074087 -1.8140614 3411.0173 4.9035268 3.4515899
384.90152 13.5 -1.8067871 3411.9497 4.8967273 3.4787157
422.31182 2.0581188 -1.7402841 3444.7747 4.8871408 3.6842917
422.31182 5.0665006 -1.7313673 3445.7328 4.878707 3.7202392
422.31182 12.552317 -1.7168486 3449.3065 4.8659891 3.7751122
422.31182 13.5 -1.7153034 3449.7922 4.8646885 3.780769
458.49404 1.9463956 -1.6568865 3491.94 4.8630674 3.9467619
458.49404 4.7961165 -1.6469978 3492.8687 4.8536406 3.9898293
458.49404 11.887134 -1.6310221 3497.9229 4.8401768 4.0521566
458.49404 13.5 -1.6277813 3499.1996 4.83757 4.0643363
499.83471 1.4022968 -1.5594424 3552.9453 4.833203 4.2650046
499.83471 3.4348135 -1.5510161 3552.5865 4.8246013 4.307451
499.83471 8.4923654 -1.5366809 3556.8611 4.812355 4.3686119
499.83471 13.5 -1.5241093 3562.2705 4.8024234 4.4188501
539.71112 1.1045413 -1.4588496 3629.0451 4.8027606 4.5899521
539.71112 2.6911718 -1.451653 3627.6726 4.7949069 4.6316425
539.71112 6.6392163 -1.4381549 3632.2116 4.7835809 4.6924322
539.71112 12.545028 -1.4199023 3641.5635 4.7697953 4.767501
539.71112 13.5 -1.416958 3643.2246 4.7676432 4.779328
576.92616 2.2243896 -1.3551828 3712.3237 4.7674665 4.9423629
576.92616 5.4791589 -1.3422166 3717.1398 4.7567525 5.0037042
576.92616 11.037357 -1.3216961 3729.0701 4.7417986 5.0905955
576.92616 13.5 -1.3126028 3734.8016 4.7353733 5.1283924
612.58805 1.7083713 -1.2623654 3803.2863 4.7427501 5.2398277
612.58805 4.1891138 -1.2508401 3807.2684 4.7330427 5.2987165
612.58805 9.1305438 -1.2293802 3820.4057 4.7175668 5.3939715
612.58805 13.433805 -1.2105828 3833.0837 4.7045246 5.4755748
612.58805 13.5 -1.2102884 3833.2837 4.7043209 5.4768593
628.53931 1.0714543 -1.2230995 3847.6315 4.7347859 5.356499
628.53931 2.6080342 -1.2151515 3848.0401 4.7270225 5.4045902
628.53931 6.4315366 -1.1971079 3857.8608 4.7134067 5.4899785
628.53931 10.629918 -1.1776174 3870.6509 4.699666 5.577518
628.53931 13.5 -1.1640521 3879.8712 4.6902339 5.6384153
