# mass_Mjup age_Gyr logL_Lsun Teff_K logg_cgs radius_Rjup
62.853931 1.0157066 -4.2270589 1590.621 5.2042383 0.98663117
62.853931 1.5658794 -4.3617281 1505.3229 5.2431594 0.94339659
62.853931 2.9348853 -4.5524613 1396.4249 5.3034442 0.8801403
62.853931 5.0502388 -4.8345965 1220.361 5.3514623 0.83280404
62.853931 8.5507687 -5.0675435 1092.7337 5.3925134 0.79435988
62.853931 13.5 -5.2711955 992.12113 5.4283669 0.76223793
64.017691 1.3236548 -4.2912072 1553.5321 5.2353683 0.96066869
64.017691 2.3081762 -4.4526615 1456.9854 5.2853625 0.90693578
64.017691 4.4355474 -4.7286203 1287.1432 5.3460079 0.84577307
64.017691 7.3447836 -4.9632333 1151.1984 5.3867142 0.80705046
64.017691 13.123113 -5.2166081 1022.247 5.4337116 0.76454307
64.017691 13.5 -5.233441 1013.7603 5.4360622 0.76247691
66.182592 1.3083813 -4.2603675 1579.2471 5.2474917 0.96323841
66.182592 2.1824667 -4.3996581 1493.1248 5.2893664 0.9179023
66.182592 4.3574707 -4.6259348 1358.1888 5.3510992 0.85492904
66.182592 7.2992957 -4.8745909 1206.2114 5.3936084 0.81409566
66.182592 12.897243 -5.1259541 1073.7189 5.4428404 0.76923571
66.182592 13.5 -5.1492432 1061.9859 5.447042 0.7655237
67.725617 1.0161091 -4.0980132 1713.6885 5.2370738 0.98615993
67.725617 1.5223259 -4.2776474 1572.7494 5.2676186 0.95208336
67.725617 2.6672928 -4.4178682 1487.0189 5.3104672 0.90625552
67.725617 5.5163367 -4.6584527 1341.4337 5.3720627 0.84421473
67.725617 9.8509405 -4.9230675 1183.954 5.4197399 0.79912424
67.725617 13.5 -5.0726716 1105.3338 5.4499785 0.77178267
68.441554 1.4610812 -4.2583097 1586.6905 5.2681785 0.95648563
68.441554 2.4716161 -4.3832133 1509.1506 5.3060436 0.91568461
68.441554 4.9861502 -4.5649133 1404.3438 5.362707 0.85785566
68.441554 8.9451531 -4.8362511 1233.9219 5.4093017 0.81304923
68.441554 13.5 -5.0231759 1133.4327 5.4486588 0.77703094
69.698858 1.2533754 -4.1565548 1671.5929 5.2648827 0.96890069
69.698858 1.9314997 -4.2977753 1565.6457 5.292355 0.93873524
69.698858 3.5550712 -4.4293793 1485.516 5.3326944 0.89613494
69.698858 7.0321689 -4.6222343 1370.3518 5.3853684 0.84340546
69.698858 11.220805 -4.8322278 1239.4938 5.421011 0.80949677
69.698858 13.5 -4.9145013 1194.6724 5.4393024 0.79262798
70.510448 1.1243103 -4.0674818 1750.4315 5.2608959 0.97900874
70.510448 1.7031328 -4.2602313 1590.8315 5.2875616 0.94940975
70.510448 2.8825709 -4.3585968 1530.2443 5.3184735 0.91621582
70.510448 5.8173904 -4.5013365 1446.3955 5.3633184 0.87011229
70.510448 9.5307964 -4.6687368 1342.2501 5.4009041 0.83326366
70.510448 12.770381 -4.7966098 1261.9739 5.4216449 0.81360208
70.510448 13.5 -4.8182817 1249.3109 5.4257975 0.80972169
70.767884 1.1034742 -4.0480521 1768.1134 5.2605089 0.98123136
70.767884 1.6978238 -4.25576 1594.2201 5.2883695 0.95025712
70.767884 2.8844619 -4.350138 1536.1906 5.3183347 0.91803349
70.767884 5.8371974 -4.4868382 1455.3313 5.361102 0.87392647
70.767884 9.5732723 -4.6349966 1364.8985 5.3978143 0.83775828
70.767884 12.832634 -4.7628681 1283.0564 5.4182675 0.81826153
70.767884 13.5 -4.7835898 1270.3649 5.42172 0.81501548
71.339266 1.0678164 -4.011017 1802.5847 5.2605085 0.98518511
71.339266 1.6253574 -4.2256897 1619.1033 5.2886967 0.95372629
71.339266 2.682656 -4.3197016 1556.489 5.3141946 0.92613606
71.339266 5.3135533 -4.4369832 1485.2397 5.3500781 0.88865473
71.339266 8.6424087 -4.5309177 1431.5812 5.3800904 0.85847352
71.339266 12.093766 -4.6421546 1361.7604 5.4044661 0.83471654
71.339266 13.5 -4.6874241 1332.312 5.4117567 0.82773965
71.480626 1.1720232 -4.0562201 1763.7716 5.2687579 0.97683906
71.480626 1.8063937 -4.2554318 1596.173 5.2945201 0.9482916
71.480626 3.106729 -4.339499 1544.6713 5.3216118 0.91917042
71.480626 6.3423793 -4.4588278 1473.0113 5.3584206 0.88103191
71.480626 9.7872628 -4.5456413 1423.4335 5.3857585 0.85373422
71.480626 13.358918 -4.6545046 1354.065 5.4078311 0.83231243
71.480626 13.5 -4.6588497 1351.2382 5.4085458 0.83162793
71.975335 1.1821772 -4.0440313 1776.1739 5.271737 0.97685731
71.975335 1.8887043 -4.2540278 1598.2346 5.2983537 0.94737682
71.975335 3.6467699 -4.3448149 1542.6879 5.327691 0.91591276
71.975335 6.8024102 -4.4359422 1487.425 5.3554463 0.88710793
71.975335 10.074178 -4.4965215 1452.7945 5.3751021 0.86725852
71.975335 13.466347 -4.5542967 1419.5761 5.3926952 0.84986906
71.975335 13.5 -4.5549107 1419.2124 5.392864 0.84970389
72.451296 1.23513 -4.0475459 1774.9159 5.2768832 0.97429221
72.451296 2.0077734 -4.2540344 1599.3724 5.3024591 0.94602218
72.451296 3.9303576 -4.3339924 1550.5904 5.3286071 0.91796753
72.451296 7.3813005 -4.4115359 1502.8212 5.3517915 0.89378921
72.451296 10.959238 -4.455584 1477.2735 5.366054 0.87923277
72.451296 13.5 -4.4802167 1463.2847 5.3741583 0.87106725
73.08851 1.3033491 -4.0508737 1774.4038 5.2835128 0.97112678
73.08851 2.0942654 -4.2358632 1616.4018 5.3064898 0.94577416
73.08851 4.0623182 -4.3093602 1567.239 5.3263303 0.92441543
73.08851 7.5948751 -4.3622639 1534.8262 5.34293 0.9069166
73.08851 11.25743 -4.389084 1518.3648 5.3510177 0.89851119
73.08851 13.5 -4.398901 1512.358 5.3539486 0.89548439
73.329586 1.2700106 -4.0304797 1793.0069 5.2826668 0.97367491
73.329586 2.0850817 -4.2200363 1630.513 5.3071927 0.94656629
73.329586 4.1132394 -4.2993921 1573.8747 5.3251321 0.9272169
73.329586 7.7536816 -4.3439489 1546.7271 5.339463 0.91204425
73.329586 10.920586 -4.3626969 1535.1955 5.345211 0.9060286
73.329586 13.5 -4.3710398 1530.0747 5.3477497 0.90338432
74.19486 1.1200002 -3.9103607 1908.4845 5.2760691 0.9868704
74.19486 1.6875113 -4.1052996 1731.5765 5.3020203 0.95782141
74.19486 3.0372978 -4.2463973 1611.1379 5.3178822 0.94048875
74.19486 6.3959986 -4.2753551 1590.5305 5.3244771 0.93337494
74.19486 9.9718897 -4.2825264 1586.2108 5.3269239 0.93074935
74.19486 13.5 -4.2848698 1584.8181 5.3277414 0.92987376
75.199008 1.3244796 -3.9611137 1864.5062 5.2921613 0.97528868
75.199008 2.0521515 -4.1124684 1728.9804 5.3124208 0.95280364
75.199008 3.8628322 -4.1991381 1654.5469 5.3226466 0.94165217
75.199008 7.112914 -4.2101075 1645.1968 5.3237711 0.94043388
75.199008 10.482599 -4.2100898 1645.2552 5.3238151 0.94038628
75.199008 13.5 -4.2097853 1645.5542 5.3238263 0.94037417
76.385095 1.500818 -3.9581721 1872.0556 5.3030358 0.97072049
76.385095 2.6345789 -4.0906467 1751.8009 5.3201744 0.95175436
76.385095 5.4557387 -4.1262529 1721.36 5.3253285 0.94612354
76.385095 9.025332 -4.1281557 1719.7955 5.3256517 0.94577156
76.385095 12.726286 -4.1277957 1720.1593 5.3256591 0.94576342
76.385095 13.5 -4.1277039 1720.2495 5.3256584 0.94576424
77.678239 1.8281822 -3.948783 1886.15 5.3139675 0.96665996
77.678239 3.4982675 -4.0367806 1803.2954 5.3239276 0.95563853
77.678239 7.0749809 -4.0426511 1798.0411 5.3247291 0.95475718
77.678239 10.183017 -4.0423671 1798.3499 5.3247433 0.95474152
77.678239 13.405429 -4.0419321 1798.7931 5.3247365 0.95474899
77.678239 13.5 -4.0419192 1798.8063 5.3247363 0.95474923
78.922589 2.161428 -3.9120739 1926.7499 5.3211567 0.96634023
78.922589 5.2603478 -3.9637776 1876.7624 5.3271962 0.95964436
78.922589 8.5596591 -3.9638569 1876.7701 5.3272826 0.95954895
78.922589 11.980385 -3.9633276 1877.3626 5.3273017 0.95952783
78.922589 13.5 -3.9630899 1877.6284 5.3273099 0.95951875
80.138056 1.3084596 -3.7378657 2091.0612 5.2957516 1.0026546
80.138056 3.1349946 -3.8785654 1964.9652 5.3284038 0.96566228
80.138056 6.4135342 -3.8899756 1953.7254 5.3298486 0.96405739
80.138056 9.8127241 -3.8894465 1954.3574 5.3298813 0.96402102
80.138056 13.337004 -3.8888208 1955.0896 5.3299064 0.96399326
80.138056 13.5 -3.8887918 1955.1235 5.3299075 0.96399198
81.499966 1.4042299 -3.7096742 2120.0714 5.2988137 1.0075802
81.499966 3.3716282 -3.8038203 2039.4368 5.3255988 0.97698318
81.499966 6.9030104 -3.8122465 2032.2745 5.3279135 0.97438309
81.499966 10.564347 -3.8117919 2032.7871 5.327897 0.97440161
81.499966 13.5 -3.8112574 2033.3451 5.3278393 0.97446637
83.158204 1.3691348 -3.6530248 2173.5823 5.2942143 1.0231826
83.158204 3.2813722 -3.725115 2113.1765 5.3173433 0.99629668
83.158204 6.7137433 -3.7300741 2109.1102 5.3189564 0.99444814
83.158204 10.272426 -3.7295014 2109.7317 5.3188956 0.99451771
83.158204 13.5 -3.7288918 2110.3721 5.3188131 0.99461216
85.17147 1.4044814 -3.5955249 2228.7942 5.290679 1.0397174
85.17147 3.3679189 -3.6423202 2189.8239 5.3068312 1.0205617
85.17147 6.8921915 -3.6438955 2188.6814 5.3075 1.0197762
85.17147 10.546157 -3.6432139 2189.4143 5.3074 1.0198936
85.17147 13.5 -3.6426448 2190.0218 5.3073128 1.0199959
87.505773 1.6833552 -3.5404555 2282.8974 5.2890179 1.0558863
87.505773 4.0608236 -3.5576261 2268.8822 5.2954906 1.0480471
87.505773 9.9767258 -3.5567561 2269.9339 5.2954257 1.0481254
87.505773 13.5 -3.5560531 2270.7134 5.2953192 1.048254
90.134387 1.041977 -3.4299048 2379.8844 5.2635989 1.1034524
90.134387 2.4634842 -3.4731235 2346.3029 5.2821304 1.0801593
90.134387 6.0006489 -3.4743174 2345.5922 5.282798 1.0793294
90.134387 13.5 -3.4728266 2347.2639 5.2825449 1.0796439
93.273009 1.4147867 -3.3804861 2428.5025 5.2641764 1.1217538
93.273009 3.3925823 -3.3901357 2421.3618 5.2687105 1.1159135
93.273009 8.3139707 -3.3892472 2422.4222 5.2685827 1.1160777
93.273009 13.5 -3.3881952 2423.6278 5.268395 1.1163188
96.865959 1.5091143 -3.3035515 2496.6714 5.2517484 1.1596293
96.865959 3.6305122 -3.3070867 2494.3807 5.253689 1.1570414
96.865959 6.8254356 -3.3064502 2495.1178 5.2535658 1.1572055
96.865959 10.137932 -3.3057682 2495.8976 5.2534266 1.1573909
96.865959 13.5 -3.3050755 2496.6895 5.2532849 1.1575798
101.18197 1.2137421 -3.2140594 2574.01 5.2341835 1.2093933
101.18197 2.8999792 -3.2190726 2570.8026 5.2370308 1.2054354
101.18197 7.0958768 -3.2181704 2571.8843 5.2368593 1.2056734
101.18197 13.5 -3.2167402 2573.5718 5.2365686 1.2060769
106.06791 1.8496554 -3.1342754 2640.3381 5.2190777 1.2599721
106.06791 4.4889424 -3.1339542 2640.8656 5.2191035 1.2599347
106.06791 11.056333 -3.1324895 2642.5793 5.2187657 1.2604248
106.06791 13.5 -3.1319415 2643.2199 5.2186388 1.2606089
111.74406 1.8117761 -3.0507211 2705.52 5.2005287 1.3211608
111.74406 4.4016341 -3.0502506 2706.1575 5.2004674 1.3212539
111.74406 10.84603 -3.0487596 2707.9189 5.2001068 1.3218026
111.74406 13.5 -3.0481398 2708.6481 5.1999547 1.3220341
118.51737 1.111111 -2.9654348 2766.9422 5.1797972 1.3934781
118.51737 2.6609217 -2.9662072 2766.8885 5.180536 1.3922935
118.51737 6.5173466 -2.9653534 2767.8338 5.1802755 1.392711
118.51737 12.325301 -2.964041 2769.2596 5.1798578 1.393381
118.51737 13.5 -2.963772 2769.5483 5.1797699 1.3935219
126.5039 2.2631949 -2.8838017 2819.2831 5.1590405 1.474482
126.5039 5.5185703 -2.88302 2820.1557 5.1587964 1.4748964
126.5039 11.361807 -2.8815559 2821.7379 5.1583066 1.4757284
126.5039 13.5 -2.8810014 2822.3212 5.1581112 1.4760604
136.15291 1.4145993 -2.7930378 2879.9616 5.1371916 1.5686477
136.15291 3.4101323 -2.7924949 2880.6535 5.137066 1.5688746
136.15291 8.375657 -2.7909344 2882.4696 5.1366003 1.569716
136.15291 13.5 -2.7891725 2884.4127 5.1360091 1.5707848
146.53886 2.1321757 -2.7035685 2945.8207 5.1189266 1.6619611
146.53886 5.2000939 -2.7025362 2947.0246 5.1186042 1.6625782
146.53886 9.0819087 -2.7010652 2948.6087 5.1180667 1.6636074
146.53886 12.468414 -2.6996139 2950.0773 5.1174804 1.6647306
146.53886 13.5 -2.6991375 2950.5474 5.1172809 1.6651131
158.07433 2.0819943 -2.6168646 3010.2809 5.1027341 1.7586174
158.07433 5.0791474 -2.6159931 3010.9365 5.1022409 1.7596163
158.07433 8.2701114 -2.6148498 3011.6371 5.1015018 1.7611143
158.07433 11.578503 -2.6134342 3012.3703 5.100509 1.7631283
158.07433 13.5 -2.61251 3012.801 5.0998333 1.7645006
171.37911 1.8569849 -2.5461796 3037.8637 5.0829908 1.873231
171.37911 4.5241504 -2.5452509 3038.4972 5.0824243 1.8744531
171.37911 7.8988955 -2.5436746 3039.2638 5.0812862 1.8769107
171.37911 11.397831 -2.5416178 3040.0134 5.0796578 1.8804328
171.37911 13.5 -2.5401976 3040.441 5.0784819 1.8829803
189.77814 1.1143284 -2.4611332 3068.5795 5.059709 2.0247732
189.77814 2.6810985 -2.4605655 3068.942 5.0593465 2.0256182
189.77814 6.0365485 -2.4586381 3069.6003 5.0577917 2.0292474
189.77814 9.5154791 -2.4558291 3070.1288 5.0552817 2.0351198
189.77814 13.5 -2.4520037 3070.5786 5.0517109 2.0435037
210.64016 1.3451046 -2.3774929 3096.5508 5.037127 2.1893483
210.64016 3.2609089 -2.3763338 3096.9071 5.0361678 2.1917674
210.64016 6.6996824 -2.3729129 3097.2237 5.0329245 2.1999667
210.64016 10.265003 -2.3683591 3097.2507 5.0283858 2.2114924
210.64016 13.5 -2.3640163 3097.1419 5.0239821 2.2227332
234.35041 2.0313337 -2.2944688 3121.7754 5.0145213 2.3701727
234.35041 4.9729367 -2.29064 3121.7385 5.0106719 2.3806999
234.35041 8.6949258 -2.2841432 3121.1323 5.0038377 2.3995056
234.35041 11.941998 -2.278315 3120.9272 4.9978954 2.4159778
234.35041 13.5 -2.2755323 3121.1931 4.9952606 2.4233175
261.14648 1.9546935 -2.2115115 3147.3151 4.9927367 2.5655562
261.14648 4.7875411 -2.2050345 3147.8422 4.9865506 2.5838931
261.14648 8.3719227 -2.1956531 3148.3125 4.9774288 2.611172
261.14648 12.08821 -2.1873417 3148.746 4.9693565 2.6355521
261.14648 13.5 -2.1846123 3148.9084 4.9667167 2.6435743
290.61863 1.068293 -2.1308875 3174.9188 4.9737215 2.7663602
290.61863 2.5865582 -2.1268014 3175.202 4.9697904 2.778909
290.61863 5.8381283 -2.1151756 3175.4928 4.9583237 2.8158378
290.61863 9.2093561 -2.1051012 3175.7693 4.9484005 2.8481919
290.61863 12.704645 -2.097317 3176.1168 4.9408064 2.8732029
290.61863 13.5 -2.095826 3176.203 4.9393625 2.877983
323.80214 1.0443779 -2.0484242 3203.8467 4.9539709 2.9871854
323.80214 2.5316552 -2.0417915 3204.0179 4.9474311 3.0097615
323.80214 5.7168605 -2.0269787 3204.17 4.9327007 3.0612392
323.80214 9.0192814 -2.0163209 3204.4352 4.9221867 3.09852
323.80214 12.443231 -2.0088372 3204.8072 4.9149047 3.1246061
323.80214 13.5 -2.0070012 3204.934 4.9131374 3.1309702
360.94354 1.0374083 -1.9660176 3232.3703 4.9341214 3.2267603
360.94354 2.5194236 -1.9558834 3232.3784 4.9239916 3.2646121
360.94354 5.6933596 -1.9386706 3232.4436 4.9068138 3.3298182
360.94354 8.9840965 -1.9282223 3232.7812 4.8965469 3.3694107
360.94354 12.395933 -1.9214957 3233.2624 4.8900789 3.3945951
360.94354 13.5 -1.919845 3233.4332 4.88852 3.4006931
402.97395 1.0042373 -1.8753327 3266.9734 4.9097722 3.5063895
402.97395 2.0405531 -1.8697631 3264.8724 4.9030851 3.5334888
402.97395 2.9132453 -1.862038 3264.0138 4.8949031 3.5669311
402.97395 3.4929306 -1.8622675 3264.5502 4.895418 3.564817
402.97395 3.9714259 -1.8596335 3264.381 4.8926939 3.5760147
402.97395 4.5478384 -1.8563639 3264.4303 4.8894505 3.5893928
402.97395 5.9821371 -1.8491037 3264.6413 4.8823027 3.6190528
402.97395 9.5511314 -1.8385601 3265.3419 4.8721318 3.6616796
402.97395 12.835366 -1.8331109 3266.0665 4.8670681 3.6830892
402.97395 13.5 -1.83228 3266.2172 4.8663173 3.6862741
449.0575 2.0035506 -1.7581434 3304.4904 4.8594434 3.922266
449.0575 4.9230477 -1.7491232 3305.0797 4.850733 3.9617974
449.0575 12.187691 -1.7361489 3307.5696 4.8390669 4.0153674
449.0575 13.5 -1.7342446 3308.0606 4.8374205 4.0229858
490.27317 1.7287254 -1.6742075 3348.6317 4.8366953 4.2070648
490.27317 4.244201 -1.665047 3348.545 4.8274898 4.2518891
490.27317 10.503509 -1.6515589 3351.5179 4.8155433 4.3107731
490.27317 13.5 -1.6460781 3353.2189 4.8109439 4.3336603
537.02069 1.4262276 -1.5727737 3412.5364 4.807654 4.552776
537.02069 3.4860613 -1.5647086 3411.7148 4.7991706 4.5974604
537.02069 8.6115866 -1.5513509 3414.9248 4.7874467 4.659936
537.02069 13.5 -1.540235 3418.9666 4.7783855 4.7088031
581.18749 1.1388116 -1.4732831 3485.62 4.7792996 4.8934606
581.18749 2.7707285 -1.4664693 3483.8503 4.7716036 4.9370112
581.18749 6.83146 -1.4537949 3487.4229 4.7607097 4.9993213
581.18749 13.5 -1.435258 3495.8233 4.7463523 5.0826448
623.26035 2.1669082 -1.369362 3568.26 4.7464376 5.2628829
623.26035 5.3283969 -1.3578024 3571.4422 4.7364266 5.3238921
623.26035 11.627348 -1.3369296 3581.7973 4.7205832 5.4218927
623.26035 13.5 -1.3307666 3585.1004 4.7160215 5.4504429
663.52475 1.863294 -1.2741261 3660.5392 4.7227436 5.5803897
663.52475 4.5694559 -1.2627474 3664.1569 4.7130809 5.642816
663.52475 9.988317 -1.2415474 3675.9983 4.6974859 5.7450444
663.52475 13.5 -1.2277518 3684.4441 4.687677 5.8102906
702.61082 1.3898589 -1.1834709 3755.0529 4.70123 5.8864055
702.61082 3.3948873 -1.1736633 3757.6098 4.692605 5.9451484
702.61082 7.968541 -1.1528235 3769.286 4.6771548 6.0518447
702.61082 12.220092 -1.1333345 3781.4953 4.6632837 6.1492666
702.61082 13.5 -1.1273265 3785.351 4.6590461 6.1793408
741.34561 1.2738781 -1.0919496 3858.0962 4.6800426 6.1957922
741.34561 3.1084386 -1.0815958 3861.9523 4.6714243 6.2575742
741.34561 6.8892231 -1.0611805 3875.8077 4.6572302 6.3606724
741.34561 10.506937 -1.0414066 3890.5416 4.6440477 6.4579442
741.34561 13.5 -1.0244219 3903.7066 4.6329314 6.5411246
