# mass_Mjup age_Gyr logL_Lsun Teff_K logg_cgs radius_Rjup
62.853931 1.0536562 -4.2775169 1654.9099 5.3235269 0.86002395
62.853931 1.6659933 -4.5148139 1470.5788 5.3556796 0.82877029
62.853931 2.7961685 -4.7614161 1300.6063 5.3889121 0.79766025
62.853931 4.3575633 -4.9801245 1163.2172 5.4136804 0.77523574
62.853931 7.6917558 -5.2033815 1041.8306 5.4454824 0.74736504
62.853931 11.383324 -5.4562921 911.14787 5.4655601 0.73028761
62.853931 13.5 -5.5931982 845.37828 5.4723151 0.7246302
66.354785 1.2989371 -4.313243 1638.148 5.365108 0.84234483
66.354785 2.0138312 -4.5370065 1465.5583 5.3954713 0.81340767
66.354785 3.3628058 -4.7798174 1298.6294 5.4282106 0.78331885
66.354785 5.225045 -4.9958915 1162.9382 5.4525703 0.76165576
66.354785 8.9476985 -5.2139938 1043.7965 5.4829096 0.73551091
66.354785 13.308659 -5.4793411 906.28526 5.5028531 0.71881533
66.354785 13.5 -5.4930197 899.49395 5.503465 0.71830912
69.845241 1.5039794 -4.309203 1653.4483 5.3994824 0.83068236
69.845241 2.3430598 -4.5382034 1474.9991 5.4300874 0.80192269
69.845241 4.0017734 -4.7851658 1305.0529 5.4643951 0.77086553
69.845241 6.1707345 -5.0019067 1168.1381 5.4886004 0.7496801
69.845241 10.347557 -5.2210132 1047.514 5.5183694 0.72442173
69.845241 13.5 -5.3896719 958.3735 5.532528 0.71270887
73.22263 1.4371026 -4.1921269 1763.975 5.415322 0.83515948
73.22263 2.269929 -4.4387783 1560.0004 5.4485026 0.80385766
73.22263 3.6926772 -4.6651372 1395.1168 5.4808049 0.77451168
73.22263 6.1484715 -4.9355289 1215.7621 5.5121488 0.74706093
73.22263 9.4302119 -5.112513 1114.0492 5.5373559 0.72569227
73.22263 13.5 -5.2947346 1015.3202 5.5583722 0.70834418
73.329586 1.1601632 -4.0813485 1861.4301 5.3985947 0.85202046
73.329586 1.8623485 -4.3288126 1648.7108 5.4352498 0.81681268
73.329586 2.9075257 -4.5564052 1471.7809 5.4656372 0.78873079
73.329586 4.8235819 -4.7869726 1313.5667 5.4986404 0.7593241
73.329586 7.4068076 -5.0088238 1172.8016 5.5235813 0.73783072
73.329586 12.109758 -5.2320092 1048.9443 5.5528782 0.71335924
73.329586 13.5 -5.2939669 1015.8481 5.5591412 0.70823401
73.672652 1.0777268 -4.0374855 1901.9181 5.3941391 0.85840326
73.672652 1.7387876 -4.2789397 1691.6131 5.4320303 0.82176151
73.672652 2.7354195 -4.5221002 1497.4531 5.4633995 0.79261298
73.672652 4.4858327 -4.7430871 1343.535 5.4959694 0.7634423
73.672652 7.0140256 -4.9825244 1188.6348 5.5226046 0.74038674
73.672652 11.090771 -5.1803655 1077.6348 5.5501383 0.71728501
73.672652 13.5 -5.286672 1020.4119 5.5616604 0.70783285
75.801384 1.4579158 -4.1253926 1830.7876 5.4282017 0.83723135
75.801384 2.3695551 -4.3770459 1616.9099 5.4640464 0.80338393
75.801384 3.6981006 -4.5955764 1450.5617 5.4939784 0.7761705
75.801384 6.2183909 -4.8450689 1281.6911 5.5284597 0.74596166
75.801384 9.3969101 -5.0536761 1153.2729 5.5536617 0.7246286
75.801384 13.5 -5.2365552 1051.5164 5.5760767 0.70616795
78.310798 1.3628805 -4.0152449 1938.7959 5.4317751 0.84748314
78.310798 2.3431043 -4.2640046 1719.0952 5.4716061 0.80949757
78.310798 3.6311652 -4.4949042 1531.2206 5.5014569 0.78215017
78.310798 5.9522876 -4.7229558 1369.4303 5.5355173 0.75207289
78.310798 9.0667409 -4.9689083 1208.7037 5.5645894 0.72731723
78.310798 13.5 -5.1692404 1093.6359 5.5911331 0.70542691
79.933727 1.2472294 -3.9057783 2050.8819 5.428851 0.85910705
79.933727 2.0704006 -4.1355611 1835.2059 5.4656105 0.82350751
79.933727 3.482276 -4.3829996 1624.5074 5.5011965 0.79045028
79.933727 5.5355947 -4.6115265 1450.0952 5.5324227 0.76253792
79.933727 9.0384313 -4.8719617 1275.3445 5.5697819 0.73043543
79.933727 13.105327 -5.0913452 1141.3963 5.5964012 0.70838968
79.933727 13.5 -5.1109267 1129.9959 5.5985443 0.70664398
80.669876 1.3499641 -3.9148668 2044.3967 5.436419 0.85556692
80.669876 2.2519141 -4.1362068 1837.0079 5.4719424 0.82128194
80.669876 3.7786309 -4.3757084 1632.7038 5.5066296 0.78913023
80.669876 6.0425353 -4.6092015 1453.5945 5.5382662 0.76090492
80.669876 9.6732625 -4.8658744 1281.3484 5.5758349 0.7286954
80.669876 13.5 -5.0759292 1151.9299 5.6009249 0.70794741
82.02511 1.0148897 -3.7269812 2240.267 5.4147073 0.88456053
82.02511 1.7893289 -3.9772224 1987.4522 5.4569361 0.84258383
82.02511 3.1861966 -4.194344 1790.3446 5.4926175 0.80867209
82.02511 5.3041833 -4.4340811 1589.1743 5.5252941 0.77881466
82.02511 8.4653876 -4.6696071 1415.2045 5.5594109 0.74881708
82.02511 12.511555 -4.9316147 1242.3698 5.5951452 0.7186354
82.02511 13.5 -4.9958891 1201.611 5.6014717 0.71342011
82.692017 1.0932978 -3.7340991 2235.1898 5.4214004 0.88133163
82.692017 1.9664086 -3.977304 1989.5766 5.4623903 0.84070649
82.692017 3.7386687 -4.2032837 1784.6 5.4994909 0.80555296
82.692017 6.3406455 -4.4485344 1579.5541 5.5327161 0.77532096
82.692017 10.101938 -4.6927367 1401.4635 5.5691075 0.74350826
82.692017 13.5 -4.9058819 1260.7227 5.5984039 0.71884895
83.165 1.568934 -3.859874 2108.2001 5.448042 0.85715045
83.165 2.9337995 -4.0856183 1889.4127 5.4834464 0.82291478
83.165 5.8038449 -4.3369299 1672.5863 5.5230047 0.78627729
83.165 9.0168733 -4.5683951 1488.9323 5.5524156 0.76009919
83.165 13.5 -4.8249674 1315.0969 5.5933191 0.72513445
83.62581 1.0987129 -3.6985222 2275.6366 5.4218543 0.88583083
83.62581 2.0062075 -3.9263566 2042.9006 5.462266 0.84556099
83.62581 3.8264226 -4.1279889 1853.2852 5.4946783 0.81458946
83.62581 7.4159283 -4.3854887 1633.4049 5.5327845 0.77962487
83.62581 11.352595 -4.6159259 1456.1962 5.5637259 0.75234144
83.62581 13.5 -4.7292799 1379.4939 5.5830794 0.73576346
83.749546 1.2447095 -3.7436563 2228.9248 5.4316006 0.87659443
83.749546 2.4675549 -3.9875946 1983.1013 5.4725368 0.8362394
83.749546 4.8150252 -4.1854903 1803.5055 5.5055228 0.80507737
83.749546 8.812019 -4.4510039 1580.5288 5.5417761 0.77216652
83.749546 12.011531 -4.6227282 1451.7296 5.5658337 0.75107302
83.749546 13.5 -4.6981154 1400.596 5.5789295 0.73983394
84.14659 1.6555694 -3.8281993 2143.2857 5.4501363 0.86011774
84.14659 3.3817078 -4.0476751 1927.484 5.4852549 0.82603524
84.14659 7.0784663 -4.2626534 1738.4889 5.5209577 0.79276997
84.14659 10.290817 -4.4431953 1587.8161 5.5440127 0.77200421
84.14659 13.5 -4.5990007 1469.3508 5.5651194 0.75347065
84.447692 1.0187028 -3.6348438 2346.1786 5.415456 0.89675472
84.447692 2.0059065 -3.8700937 2102.3287 5.4600641 0.85186271
84.447692 4.4623853 -4.0859998 1893.0086 5.4937781 0.81943145
84.447692 8.1619557 -4.2535569 1747.2123 5.5221075 0.79313644
84.447692 11.384501 -4.4098406 1615.6638 5.5424124 0.7748104
84.447692 13.5 -4.5022751 1542.4199 5.5542535 0.76431948
84.54718 1.7116833 -3.8154829 2157.5438 5.4510006 0.8613051
84.54718 3.7459172 -4.0345489 1941.0939 5.4864143 0.82689462
84.54718 7.3972658 -4.1981584 1795.1781 5.5142678 0.80079883
84.54718 10.573658 -4.3370181 1676.8078 5.5346306 0.78224367
84.54718 13.5 -4.4659596 1570.9616 5.5503011 0.76825744
84.815686 1.8725212 -3.827591 2146.1499 5.4552875 0.85842447
84.815686 4.1041404 -4.0279926 1948.1513 5.4875396 0.82713436
84.815686 7.465062 -4.147753 1839.8692 5.5079572 0.807918
84.815686 10.949666 -4.2612056 1741.8783 5.5263331 0.79100515
84.815686 13.5 -4.3547698 1662.6424 5.5390215 0.77953411
85.05717 1.6049117 -3.7665533 2209.6233 5.4461173 0.86876957
85.05717 3.3788676 -3.9644722 2009.8206 5.4793925 0.83611691
85.05717 6.56303 -4.0843913 1896.3137 5.4983231 0.81809114
85.05717 9.8643696 -4.1550568 1834.3127 5.5112413 0.80601396
85.05717 13.287199 -4.2349459 1765.212 5.5244244 0.79387298
85.05717 13.5 -4.240296 1760.624 5.5252536 0.79311552
85.268122 1.1971413 -3.6593291 2322.8894 5.42681 0.88939793
85.268122 2.3287703 -3.8570555 2118.0448 5.4641629 0.85196093
85.268122 5.1446255 -4.0172965 1959.7105 5.489431 0.82753359
85.268122 8.7075067 -4.087212 1894.5093 5.5005658 0.81699284
85.268122 12.401502 -4.1326511 1854.6582 5.5090734 0.8090296
85.268122 13.5 -4.1468884 1842.2444 5.5116441 0.80663873
85.493962 1.5721001 -3.7365706 2242.3373 5.4438899 0.87323383
85.493962 3.2408959 -3.9146823 2060.7888 5.4753318 0.84218904
85.493962 6.8148477 -4.0225021 1955.5325 5.4920778 0.82610752
85.493962 9.9204841 -4.0564526 1923.6272 5.4974518 0.82101218
85.493962 13.140408 -4.0734396 1907.8213 5.500106 0.81850717
85.493962 13.5 -4.0746823 1906.6794 5.5003085 0.81831635
85.806734 1.7395276 -3.7469266 2232.592 5.4482655 0.8704337
85.806734 3.7361045 -3.9091756 2067.3714 5.4769511 0.84215672
85.806734 7.3198607 -3.982889 1994.3363 5.4881841 0.8313357
85.806734 11.035499 -4.0018056 1976.304 5.4913221 0.82833768
85.806734 13.5 -4.0062385 1972.1174 5.492071 0.82762374
86.263709 1.2182798 -3.6171333 2371.927 5.4259469 0.89546456
86.263709 2.4889922 -3.7974821 2181.7542 5.4611136 0.8599338
86.263709 5.6509311 -3.9054302 2072.6962 5.4799811 0.84145577
86.263709 9.0173368 -3.9279311 2050.151 5.4834827 0.83807035
86.263709 12.507626 -3.9312598 2046.9074 5.4840608 0.83751273
86.263709 13.5 -3.931259 2046.933 5.4840817 0.83749259
86.873176 1.4864195 -3.6430976 2346.0958 5.4359464 0.88833637
86.873176 3.558974 -3.7966976 2184.6211 5.4656679 0.85845333
86.873176 7.2791063 -3.8402143 2140.3641 5.4736307 0.85061934
86.873176 10.515335 -3.8451971 2135.4319 5.4746058 0.84966496
86.873176 13.5 -3.8450074 2135.7131 5.4746449 0.84962674
87.559667 1.2888102 -3.5694994 2428.4944 5.4257321 0.902389
87.559667 3.1316831 -3.7238419 2262.7077 5.4572399 0.87024162
87.559667 6.4395481 -3.7597423 2225.3062 5.4641856 0.86331048
87.559667 9.8691427 -3.7621154 2222.9624 5.4647281 0.86277145
87.559667 13.424946 -3.7608852 2224.3752 5.4646016 0.86289714
87.559667 13.5 -3.7608533 2224.4112 5.4645978 0.86290089
88.33363 1.3612727 -3.5448827 2457.9138 5.4258555 0.9062397
88.33363 3.3108788 -3.6659441 2326.7549 5.4516529 0.87971983
88.33363 6.8103247 -3.6833274 2308.1717 5.455106 0.87622934
88.33363 10.43855 -3.6826137 2309.1108 5.455099 0.87623641
88.33363 13.5 -3.6813097 2310.6613 5.4549611 0.87637556
89.230977 1.3381102 -3.4991814 2509.9304 5.4209238 0.91601731
89.230977 3.252507 -3.5963851 2405.2797 5.4441432 0.89185452
89.230977 6.6887542 -3.6068904 2394.0061 5.4464872 0.88945096
89.230977 10.251455 -3.6056472 2395.5656 5.4463752 0.88956562
89.230977 13.5 -3.6041785 2397.3552 5.4462038 0.8897412
90.266053 1.3173572 -3.4493574 2566.8568 5.4150685 0.92754658
90.266053 3.2001572 -3.5226887 2488.6611 5.4346563 0.9068633
90.266053 6.5796896 -3.5286221 2482.549 5.436318 0.90513007
90.266053 10.083589 -3.5271397 2484.3624 5.4361041 0.90535305
90.266053 13.5 -3.5254986 2486.3393 5.4358447 0.90562341
91.429267 1.8879963 -3.4317886 2589.7075 5.4184568 0.92986951
91.429267 4.6192449 -3.4523957 2568.0071 5.4244459 0.92347988
91.429267 8.0750742 -3.4513537 2569.3885 5.4243381 0.92359448
91.429267 11.658078 -3.4496556 2571.4799 5.4240535 0.92389717
91.429267 13.5 -3.4487786 2572.5597 5.4239058 0.92405433
92.739792 1.2978958 -3.3433465 2687.6543 5.4006864 0.95586734
92.739792 3.1503958 -3.3786167 2650.8114 5.4119782 0.94352132
92.739792 6.4755413 -3.3786592 2651.0744 5.412193 0.943288
92.739792 9.9033569 -3.3770657 2653.0719 5.411908 0.94359756
92.739792 13.5 -3.3753801 2655.1832 5.4116043 0.94392757
94.284914 2.3448345 -3.3044707 2733.6896 5.3984898 0.96623767
94.284914 5.7544842 -3.3055695 2732.9254 5.399103 0.96555585
94.284914 9.3846189 -3.3039166 2735.0292 5.3987867 0.96590743
94.284914 13.148343 -3.3021919 2737.2219 5.3984542 0.96627726
94.284914 13.5 -3.3020308 2737.4267 5.3984232 0.96631184
96.155711 1.1415004 -3.2133866 2832.0094 5.3773205 0.99985046
96.155711 2.7597133 -3.2317269 2814.1022 5.3846415 0.99145851
96.155711 6.786345 -3.230399 2815.9267 5.3844396 0.99168904
96.155711 12.850638 -3.2277197 2819.3497 5.3838707 0.9923388
96.155711 13.5 -3.2274331 2819.716 5.3838097 0.99240845
98.401197 1.6271409 -3.1554764 2895.7327 5.3680907 1.0222629
98.401197 3.9680766 -3.1569458 2894.6837 5.3689307 1.0212747
98.401197 9.7930736 -3.1544929 2897.8445 5.3683737 1.02193
98.401197 13.5 -3.1529266 2899.8605 5.3680155 1.0223515
101.17661 2.340587 -3.0799373 2976.5269 5.3524368 1.05543
101.17661 5.7436334 -3.078645 2978.2922 5.3521744 1.0557489
101.17661 13.5 -3.0754351 2982.5569 5.3514503 1.0566294
104.52142 1.4016724 -3.0029273 3053.6684 5.3340002 1.095747
104.52142 3.408567 -3.0030037 3053.9862 5.3342574 1.0954227
104.52142 8.4023627 -3.0010728 3056.5149 5.3337643 1.0960447
104.52142 13.5 -2.9990967 3059.0998 5.3332566 1.0966855
108.63808 1.2549723 -2.9253481 3127.0653 5.3144581 1.1425357
108.63808 3.0451796 -2.9252698 3127.506 5.3146245 1.1423168
108.63808 7.4997883 -2.9236079 3129.6924 5.3141768 1.1429058
108.63808 13.5 -2.921352 3132.6514 5.3135625 1.1437144
113.92478 1.9456013 -2.8421518 3201.4064 5.2927133 1.1996657
113.92478 4.7670985 -2.8411262 3202.7697 5.2924273 1.2000607
113.92478 11.787886 -2.8385067 3206.2118 5.2916738 1.2011022
113.92478 13.5 -2.8378573 3207.0592 5.2914835 1.2013655
120.22415 1.3842968 -2.7595207 3269.5339 5.2700359 1.2649859
120.22415 3.3745564 -2.7588383 3270.4645 5.2698479 1.2652597
120.22415 8.326959 -2.7570008 3272.8693 5.2692873 1.2660766
120.22415 13.5 -2.7549921 3275.4449 5.2686451 1.267013
127.7811 1.3982929 -2.6758158 3334.3817 5.2469238 1.3393041
127.7811 3.4156389 -2.6750711 3335.3885 5.2467035 1.3396438
127.7811 8.4354411 -2.6730755 3337.955 5.2460442 1.3406611
127.7811 13.5 -2.6708838 3340.6074 5.2452323 1.3419148
136.7659 2.1929387 -2.5920623 3393.073 5.2229931 1.4242956
136.7659 5.3944638 -2.5908053 3394.5391 5.2224865 1.4251266
136.7659 13.360883 -2.5869766 3398.4254 5.2206455 1.4281504
136.7659 13.5 -2.5869014 3398.4958 5.2206063 1.4282148
147.46432 1.4490561 -2.5070454 3448.4004 5.1987833 1.5207563
147.46432 3.5401362 -2.5060348 3449.633 5.1983935 1.5214389
147.46432 8.7434125 -2.502795 3453.0184 5.1968576 1.5241315
147.46432 13.5 -2.4989599 3456.4795 5.1947629 1.5278116
159.62971 1.8526283 -2.417406 3513.2754 5.1759486 1.62439
159.62971 4.5476954 -2.4154666 3515.3735 5.1750464 1.6260783
159.62971 11.253885 -2.4079218 3522.105 5.1708248 1.6340006
159.62971 13.5 -2.4046299 3524.9255 5.1689235 1.6375813
172.52634 1.2437072 -2.3259464 3595.148 5.158249 1.7234987
172.52634 3.0353769 -2.3242152 3597.0997 5.1574606 1.7250638
172.52634 7.4936245 -2.3181002 3601.2559 5.1533517 1.7332437
172.52634 13.5 -2.3082993 3604.5337 5.1451311 1.7497255
185.91421 2.3997501 -2.2576994 3627.9482 5.1382364 1.830821
185.91421 5.9149117 -2.2523435 3629.798 5.133766 1.840268
185.91421 13.5 -2.2375497 3633.1907 5.1205951 1.8683856
204.83711 2.06448 -2.1764782 3661.1895 5.1149558 1.973941
204.83711 5.08406 -2.1698416 3662.4615 5.1089226 1.9876997
204.83711 12.597741 -2.1516828 3664.6724 5.0918122 2.0272439
204.83711 13.5 -2.149808 3664.8876 5.0900394 2.0313856
226.40373 2.2380436 -2.0945472 3691.9539 5.091036 2.1332
226.40373 5.5192618 -2.0835663 3692.5776 5.0803485 2.15961
226.40373 13.5 -2.0628326 3693.4402 5.0600206 2.2107481
251.19995 1.0341378 -2.0162274 3720.1177 5.0710538 2.2992736
251.19995 2.5266266 -2.0102953 3720.2319 5.065175 2.3148883
251.19995 6.2404164 -1.9942213 3719.8298 5.0489133 2.358636
251.19995 13.5 -1.9760341 3719.69 5.0306607 2.4087248
