# mass_Mjup age_Gyr logL_Lsun Teff_K logg_cgs radius_Rjup
62.853931 1.0228893 -4.2643096 1712.405 5.3696481 0.81554882
62.853931 1.641474 -4.5127945 1511.8971 5.4017959 0.78591581
62.853931 2.4632957 -4.7423963 1343.0558 5.4256851 0.76459501
62.853931 3.6374888 -4.9663347 1193.9937 5.4452553 0.74756047
62.853931 5.4164549 -5.1884877 1061.0947 5.4624169 0.73293511
62.853931 8.1189349 -5.4028549 946.23917 5.4777712 0.72009271
62.853931 11.671376 -5.62277 839.57357 5.4899176 0.71009297
62.853931 13.5 -5.7308636 790.80208 5.4940474 0.70672478
67.288707 1.0569387 -4.1933173 1789.5233 5.4047891 0.8103718
67.288707 1.6898032 -4.4386765 1583.9276 5.4381401 0.77984593
67.288707 2.5552581 -4.6702702 1406.908 5.4638553 0.75709643
67.288707 3.7728502 -4.8967214 1249.6504 5.4843979 0.73940081
67.288707 5.6968601 -5.1313366 1103.4188 5.5028205 0.72388342
67.288707 8.5031287 -5.3492583 982.0965 5.5183973 0.71101739
67.288707 12.713559 -5.5776278 867.98603 5.5322011 0.69980708
67.288707 13.5 -5.6190535 848.42976 5.5340393 0.6983276
71.255054 1.0299329 -4.0968359 1890.6718 5.4286963 0.81127386
71.255054 1.6353056 -4.341597 1675.4491 5.4635178 0.7793934
71.255054 2.5262809 -4.579735 1485.3864 5.4924885 0.75382643
71.255054 3.8462321 -4.8245398 1307.8574 5.5161772 0.73354538
71.255054 5.6978531 -5.0453372 1164.2608 5.5349341 0.71787459
71.255054 8.6114991 -5.2816391 1026.0889 5.5517748 0.70409002
71.255054 12.592323 -5.4912678 916.59221 5.5653683 0.69315679
71.255054 13.5 -5.5333964 895.8145 5.5676646 0.6913267
73.329586 1.5226208 -4.2595827 1751.8158 5.4713957 0.78351898
73.329586 2.4092309 -4.506558 1547.9526 5.5034479 0.75513296
73.329586 3.6284013 -4.7409641 1371.9404 5.5281644 0.73394781
73.329586 5.3605316 -4.9664634 1218.7481 5.5479786 0.71739457
73.329586 7.948664 -5.1931738 1080.2448 5.5651218 0.70337427
73.329586 11.657277 -5.4114921 960.57125 5.5794697 0.69185092
73.329586 13.5 -5.4946475 918.33955 5.58452 0.68783995
77.204689 1.075032 -3.982475 2019.6651 5.4638162 0.81100123
77.204689 1.7480949 -4.2373486 1783.5222 5.5026865 0.77550817
77.204689 2.745495 -4.4834037 1577.382 5.535375 0.74686502
77.204689 4.1500317 -4.7223985 1395.3736 5.5613843 0.72483219
77.204689 6.0211113 -4.9429357 1243.0702 5.5811421 0.7085305
77.204689 8.8084693 -5.1708636 1101.1253 5.5984343 0.69456429
77.204689 12.796025 -5.39496 975.86939 5.6127506 0.68321015
77.204689 13.5 -5.4256522 959.83873 5.6146691 0.6817028
80.165 1.0262413 -3.8754794 2136.7965 5.4710969 0.81950517
80.165 1.653099 -4.1176248 1901.4729 5.5105503 0.78311405
80.165 2.5988797 -4.3638293 1683.8434 5.5456011 0.75214166
80.165 3.9100212 -4.6009706 1493.5334 5.5743953 0.72761651
80.165 5.71691 -4.8330509 1324.1001 5.5972991 0.70868075
80.165 8.3934289 -5.0657027 1171.2108 5.6168079 0.69294097
80.165 11.963564 -5.2928705 1036.6282 5.6319275 0.6809832
80.165 13.5 -5.3713083 993.43624 5.6364332 0.67745988
80.806985 1.1637482 -3.9198103 2094.0288 5.4837699 0.81086259
80.806985 1.9121134 -4.1711442 1854.5729 5.5241489 0.77403001
80.806985 2.9304467 -4.4096069 1647.5609 5.5570018 0.74530038
80.806985 4.3909408 -4.6483417 1459.3524 5.5850114 0.72164985
80.806985 6.4332876 -4.8856746 1289.5259 5.6074239 0.70326708
80.806985 9.2456349 -5.1076733 1146.6963 5.6254959 0.68878591
80.806985 13.301102 -5.3472812 1007.5818 5.6404315 0.67704336
80.806985 13.5 -5.3601197 1000.4839 5.6409891 0.67660888
82.816238 1.2286881 -3.8773245 2144.0461 5.4929566 0.81224531
82.816238 2.0852223 -4.1365152 1892.8122 5.5356409 0.77329473
82.816238 3.2232255 -4.3834679 1674.9846 5.5702068 0.7431254
82.816238 4.7734619 -4.6228004 1483.8378 5.5990418 0.71886053
82.816238 6.9676507 -4.8670681 1306.9223 5.6227629 0.69949415
82.816238 9.8985299 -5.0908059 1161.2922 5.6412675 0.68474956
82.816238 13.5 -5.3056045 1034.2451 5.654794 0.67416862
84.564713 1.6603639 -3.9415117 2085.5477 5.5181616 0.79729966
84.564713 2.7255532 -4.1911425 1848.3131 5.558014 0.76154462
84.564713 4.133831 -4.4438412 1629.726 5.5920689 0.7322644
84.564713 6.0083229 -4.6849812 1441.6975 5.6202471 0.70888996
84.564713 8.4383495 -4.9182547 1276.4101 5.6419849 0.69136901
84.564713 11.819951 -5.1501344 1128.4577 5.6598449 0.67729819
84.564713 13.5 -5.2497678 1069.2328 5.6658261 0.67265026
85.153954 1.0645608 -3.7197652 2318.6028 5.4834555 0.83268825
85.153954 1.7920206 -3.9467343 2082.4505 5.5238179 0.79487934
85.153954 2.951752 -4.1991866 1842.8206 5.5639037 0.75902895
85.153954 4.4542859 -4.454915 1622.1864 5.5981029 0.72972417
85.153954 6.5110225 -4.7052244 1428.2397 5.6272138 0.70567265
85.153954 9.0320877 -4.9360415 1265.8911 5.6484118 0.68865908
85.153954 12.562526 -5.1699429 1117.6519 5.6659541 0.67489022
85.153954 13.5 -5.2266896 1083.792 5.6692583 0.67232771
86.549254 1.5792553 -3.815813 2221.1096 5.5119364 0.81240244
86.549254 2.7980823 -4.0654274 1971.673 5.5546104 0.77345357
86.549254 4.3443076 -4.3231855 1736.936 5.5921643 0.74072552
86.549254 6.2106919 -4.5727427 1531.9241 5.6235351 0.71445006
86.549254 8.6909459 -4.8206806 1348.3369 5.6497177 0.69323516
86.549254 11.879449 -5.0570654 1190.2337 5.6694379 0.67767351
86.549254 13.5 -5.1574167 1127.8907 5.6763282 0.6723189
87.389152 1.4829507 -3.7457427 2298.0845 5.5052443 0.8226486
87.389152 2.7305283 -3.9808976 2056.2972 5.5472788 0.78378537
87.389152 4.4880248 -4.2503173 1803.3965 5.5887198 0.7472684
87.389152 6.3205018 -4.4983694 1592.7763 5.6210262 0.719985
87.389152 8.6236417 -4.7365142 1410.912 5.6485515 0.69752662
87.389152 11.426887 -4.9652862 1251.5803 5.6691588 0.68117255
87.389152 13.5 -5.1003012 1164.7888 5.6793276 0.67324437
87.747193 1.7605358 -3.7831009 2259.9159 5.5152834 0.81485943
87.747193 3.316909 -4.0351582 2004.5488 5.5590381 0.77482802
87.747193 5.2187209 -4.3045158 1756.6266 5.599047 0.73994746
87.747193 7.2433363 -4.5569863 1547.2575 5.63105 0.71318038
87.747193 9.7168431 -4.7954986 1369.1856 5.6571612 0.69206003
87.747193 12.853569 -5.029967 1210.0933 5.6770557 0.67638898
87.747193 13.5 -5.070398 1184.3244 5.6800941 0.6740271
88.422192 1.703219 -3.7273214 2322.5019 5.5102871 0.82270638
88.422192 3.4375773 -3.9711717 2069.4602 5.5537414 0.78256013
88.422192 5.4378226 -4.2203588 1833.4666 5.5925922 0.74832852
88.422192 7.3613159 -4.4602805 1626.3925 5.6243233 0.72148406
88.422192 9.8647501 -4.7123815 1431.2002 5.6543244 0.69698945
88.422192 12.738726 -4.9463192 1266.4611 5.6758281 0.6799459
88.422192 13.5 -4.9996887 1231.1291 5.6800445 0.67665321
88.831365 1.8648853 -3.7253344 2326.438 5.5132468 0.8218027
88.831365 3.7464902 -3.9518231 2090.0989 5.5536369 0.78446302
88.831365 6.017466 -4.2040298 1849.55 5.5934405 0.7493258
88.831365 8.0254616 -4.4430199 1641.7119 5.6253542 0.72229372
88.831365 10.523591 -4.6928449 1446.7041 5.6555102 0.69764718
88.831365 13.403298 -4.9301544 1278.1803 5.6776694 0.68007414
88.831365 13.5 -4.9383918 1272.5663 5.6782599 0.67961195
89.027697 1.8440117 -3.7076891 2346.8339 5.5117237 0.82415419
89.027697 3.7303859 -3.9221118 2120.6709 5.5501101 0.78852465
89.027697 6.3935394 -4.1981422 1855.5444 5.5941329 0.74955569
89.027697 8.4978187 -4.4418049 1643.2753 5.6267514 0.72192923
89.027697 11.044988 -4.6934367 1446.7889 5.6571626 0.6970903
89.027697 13.5 -4.9023235 1297.3006 5.6765913 0.68167081
89.314557 1.8964093 -3.6932552 2364.0882 5.5114123 0.8257769
89.314557 4.3121939 -3.9284016 2115.3556 5.5534375 0.78677428
89.314557 7.147992 -4.1939287 1860.2737 5.5957384 0.74937588
89.314557 9.3976598 -4.4440311 1642.1533 5.6291883 0.72106557
89.314557 11.909069 -4.687468 1451.9298 5.6587529 0.69693529
89.314557 13.5 -4.8249659 1351.9788 5.6723479 0.68611193
89.379364 1.9035501 -3.6890417 2369.1256 5.5112114 0.82626757
89.379364 4.3422092 -3.9196758 2124.3775 5.55242 0.78798221
89.379364 7.5539659 -4.2152221 1840.9799 5.5992357 0.74663537
89.379364 9.8145951 -4.4642325 1625.673 5.6321826 0.71884472
89.379364 12.364521 -4.7060294 1438.3538 5.6613096 0.69513889
89.379364 13.5 -4.8054595 1365.9641 5.6710339 0.68739987
89.635335 1.8756228 -3.6647191 2397.8191 5.5090441 0.82951706
89.635335 4.2220367 -3.8659939 2180.4088 5.545205 0.79569182
89.635335 8.1230096 -4.1708197 1882.5183 5.594836 0.75150074
89.635335 10.659276 -4.4369395 1648.9041 5.6307804 0.72103637
89.635335 13.201484 -4.678967 1459.0949 5.6603605 0.69689469
89.635335 13.5 -4.7054537 1439.4234 5.6632673 0.69456634
89.802428 1.8438728 -3.645756 2420.5645 5.5072909 0.83196754
89.802428 4.1573902 -3.8341296 2214.1218 5.5408038 0.80047893
89.802428 7.6351238 -4.054897 1992.2566 5.5781463 0.76679389
89.802428 11.157292 -4.38804 1690.3856 5.6258513 0.72581535
89.802428 13.5 -4.6185711 1504.9987 5.6545838 0.70219851
89.859325 1.8481751 -3.6415975 2425.6444 5.5070493 0.83246258
89.859325 4.1704642 -3.8255829 2223.2221 5.5396575 0.8017899
89.859325 7.667939 -4.0333836 2013.2375 5.5751069 0.76972551
89.859325 11.316058 -4.3645242 1710.5774 5.6232384 0.72823268
89.859325 13.5 -4.5830416 1532.4274 5.6507046 0.70556505
89.980546 1.8459992 -3.6311226 2438.3521 5.506237 0.83380323
89.980546 4.1725044 -3.8067719 2243.3683 5.537103 0.8046937
89.980546 7.6763287 -3.9843645 2061.6795 5.5679778 0.77659245
89.980546 11.619271 -4.2990496 1767.8528 5.6155628 0.73519189
89.980546 13.5 -4.4923432 1604.3054 5.6402201 0.71461487
90.005833 1.0234276 -3.4572296 2643.0691 5.4725144 0.86693375
90.005833 2.1345853 -3.6659348 2397.9614 5.5121543 0.82825858
90.005833 4.8995011 -3.8371546 2211.7375 5.5429397 0.79941678
90.005833 8.3979291 -4.015845 2030.8103 5.5733732 0.77189194
90.005833 11.843308 -4.2960514 1770.5744 5.6153589 0.73546781
90.005833 13.5 -4.4656997 1626.1361 5.6371781 0.71722272
90.100742 1.8582754 -3.6228585 2448.4675 5.5057443 0.83483333
90.100742 4.2080856 -3.7893238 2262.3003 5.5348333 0.80733786
90.100742 7.7470083 -3.939905 2106.5023 5.5614612 0.78296319
90.100742 11.416163 -4.1678503 1886.7498 5.598016 0.75069571
90.100742 13.5 -4.3652625 1710.6562 5.6252219 0.72754696
90.177098 1.8628177 -3.6172022 2455.3518 5.5053335 0.83558215
90.177098 4.2233651 -3.7784264 2274.1749 5.5333982 0.80901543
90.177098 7.7784584 -3.9119217 2135.1122 5.5572809 0.78707376
90.177098 11.464379 -4.1002361 1950.1746 5.5882065 0.75954349
90.177098 13.5 -4.2698428 1794.2696 5.61307 0.73810969
90.195237 1.9496738 -3.6266996 2444.416 5.5071638 0.83390714
90.195237 4.4261401 -3.7833665 2268.9105 5.5343997 0.80816441
90.195237 8.1558128 -3.9187291 2128.2909 5.5586167 0.78594332
90.195237 11.404579 -4.0772552 1972.2069 5.5848288 0.76257959
90.195237 13.5 -4.2415072 1819.6917 5.6092622 0.74142716
90.259251 1.8710552 -3.6114615 2462.3349 5.5049218 0.836359
90.259251 4.2477227 -3.7677721 2285.7416 5.5319525 0.81073217
90.259251 7.8270938 -3.8828312 2165.2281 5.5529176 0.7913978
90.259251 11.538186 -4.0291057 2018.8069 5.5775566 0.76926384
90.259251 13.5 -4.1530983 1900.961 5.597063 0.75218062
90.331658 1.8681123 -3.6052216 2469.8689 5.5043373 0.8372576
90.331658 4.2456551 -3.7570044 2297.5019 5.530448 0.8124633
90.331658 7.8263445 -3.8564143 2192.9749 5.548969 0.79532245
90.331658 11.538803 -3.9694002 2077.8139 5.5682469 0.77786516
90.331658 13.5 -4.0574997 1991.6046 5.5827323 0.76500029
90.407398 1.8787434 -3.6003852 2475.7673 5.5040086 0.83792563
90.407398 4.2752172 -3.746859 2308.9156 5.5292754 0.81390193
90.407398 7.8844175 -3.8316173 2219.0564 5.5450747 0.79923117
90.407398 11.626436 -3.9165036 2131.3682 5.5599216 0.78568587
90.407398 13.5 -3.9705518 2076.9698 5.5690566 0.77746612
90.494508 1.8932817 -3.5949955 2482.3665 5.5036615 0.83866427
90.494508 4.3206135 -3.7358286 2321.4428 5.5280629 0.81543139
90.494508 7.9762873 -3.8055246 2246.7113 5.540916 0.80345376
90.494508 11.160596 -3.8539121 2196.2751 5.5498614 0.7952216
90.494508 13.5 -3.8922118 2156.5885 5.5564833 0.78918209
90.603917 2.1885864 -3.6139001 2460.9995 5.5080733 0.83491955
90.603917 5.262327 -3.7394842 2317.8829 5.5295773 0.81450286
90.603917 8.534831 -3.7800895 2274.1662 5.5371054 0.80747404
90.603917 11.927763 -3.8072238 2245.4671 5.5421777 0.80277235
90.603917 13.5 -3.8173469 2234.9077 5.5441123 0.80098631
90.743613 2.0505829 -3.5906752 2488.4067 5.5047568 0.83875938
90.743613 4.7001434 -3.70878 2352.5767 5.5253514 0.819106
90.743613 8.0526132 -3.7441237 2313.4327 5.5315474 0.81328378
90.743613 11.528454 -3.7538359 2302.8407 5.5332877 0.81165595
90.743613 13.5 -3.7548292 2301.8245 5.5335142 0.81144427
90.952374 1.1884774 -3.4486896 2656.862 5.4775598 0.86643286
90.952374 2.8033279 -3.6225143 2452.5289 5.512365 0.83240046
90.952374 6.2617483 -3.695522 2368.3963 5.5247337 0.82063108
90.952374 9.8474385 -3.7065915 2356.1208 5.5267759 0.81870388
90.952374 13.5 -3.7314016 2335.7362 5.5364909 0.80959782
91.339754 2.3576 -3.5598681 2526.303 5.5030498 0.84316545
91.339754 5.7420926 -3.6376017 2436.7466 5.5180831 0.82869769
91.339754 10.415584 -3.6674835 2408.6354 5.5278077 0.81947145
91.339754 13.5 -3.6903343 2382.2014 5.5314882 0.81600648
91.743286 1.2657618 -3.4193182 2694.9308 5.476663 0.87109076
91.743286 3.0030417 -3.5482195 2541.4747 5.5037171 0.84437694
91.743286 6.9244241 -3.5910964 2494.5374 5.5142109 0.83423703
91.743286 11.261159 -3.6055238 2480.2692 5.5186735 0.82996195
91.743286 13.5 -3.609597 2475.5227 5.5194191 0.82924977
91.939536 1.1232331 -3.3812286 2741.4295 5.4692193 0.8795272
91.939536 2.6441466 -3.5188943 2576.4155 5.4990403 0.8498431
91.939536 6.4286662 -3.5566631 2533.2811 5.5074791 0.84162648
91.939536 10.895257 -3.5588613 2531.8539 5.5086982 0.84044601
91.939536 13.5 -3.5598162 2530.8344 5.5089535 0.840199
92.294342 1.4756517 -3.4156237 2701.3705 5.4797154 0.87063795
92.294342 3.5302399 -3.5029406 2596.6246 5.4983325 0.85217557
92.294342 7.2181236 -3.5125914 2585.5056 5.5005285 0.85002372
92.294342 10.426299 -3.5105869 2588.085 5.5002562 0.8502903
92.294342 13.5 -3.5079789 2591.3731 5.4998538 0.85068426
92.880425 1.0355967 -3.3111202 2830.2543 5.4589263 0.89455429
92.880425 2.4374227 -3.4312043 2684.9854 5.4874764 0.86562877
92.880425 5.9256144 -3.4527406 2659.4022 5.4923811 0.86075459
92.880425 9.1354936 -3.4509765 2661.7989 5.4921818 0.86095205
92.880425 12.362721 -3.4484549 2665.1104 5.49182 0.86131074
92.880425 13.5 -3.4475558 2666.2899 5.4916896 0.86144007
93.602435 1.1570334 -3.2946415 2852.9221 5.4596685 0.89725753
93.602435 2.738381 -3.3800621 2749.1584 5.4807284 0.8757641
93.602435 6.1250506 -3.3871938 2740.88 5.4826211 0.87385785
93.602435 9.6363497 -3.3846468 2744.3051 5.4822436 0.87423769
93.602435 13.5 -3.3816275 2748.3428 5.4817783 0.87470615
94.482366 1.4471016 -3.2756175 2879.1207 5.4605879 0.90051136
94.482366 3.4759601 -3.3195606 2826.2944 5.4723611 0.88838785
94.482366 7.1176603 -3.3188254 2827.6168 5.4724385 0.8883087
94.482366 10.285659 -3.3164199 2830.9201 5.4720612 0.8886946
94.482366 13.5 -3.3139594 2834.2936 5.4716696 0.88909541
95.459183 1.338361 -3.2207129 2938.2023 5.4454375 0.92108111
95.459183 3.1875537 -3.2523133 2908.6822 5.4594962 0.90629279
95.459183 7.7889367 -3.2522084 2909.2721 5.4597435 0.90603476
95.459183 13.5 -3.2474984 2914.3578 5.4580678 0.90778448
96.644366 1.270301 -3.1724966 2985.1385 5.4301112 0.94327966
96.644366 3.0284697 -3.1877699 2971.6893 5.4375402 0.93524623
96.644366 7.403356 -3.1858124 2973.9572 5.4369079 0.93592723
96.644366 12.061144 -3.1827717 2977.228 5.4357767 0.93714698
96.644366 13.5 -3.1818376 2978.2329 5.4354288 0.93752234
98.423614 1.1304344 -3.1024775 3067.3642 5.4152183 0.9683855
98.423614 2.7466295 -3.1125953 3056.0893 5.4189389 0.9642463
98.423614 6.2079296 -3.1105539 3059.0406 5.4185743 0.96465116
98.423614 9.7966056 -3.1082807 3062.2802 5.4181398 0.96513382
98.423614 13.5 -3.1059368 3065.6211 5.4176902 0.96563356
100.45964 2.3430647 -3.0407468 3140.2369 5.4031682 0.99201781
100.45964 5.7640932 -3.0389199 3142.7273 5.4027185 0.99253162
100.45964 13.5 -3.0344615 3148.6868 5.4015511 0.99386651
102.87172 1.1377707 -2.9661864 3232.6009 5.3892709 1.0200473
102.87172 2.7652072 -2.965649 3234.0377 5.3895054 1.019772
102.87172 6.8147901 -2.9621457 3241.0163 5.3897466 1.0194888
102.87172 13.5 -2.9562941 3252.703 5.3901479 1.0190179
105.19066 1.7200875 -2.8970733 3330.7617 5.3818049 1.0403846
105.19066 4.2145618 -2.8958779 3332.4193 5.3814738 1.0407813
105.19066 10.421612 -2.8925104 3336.8807 5.3804304 1.0420323
105.19066 13.5 -2.8908391 3339.0907 5.3799093 1.0426576
107.51721 2.0680987 -2.8480067 3379.3029 5.3673733 1.0694491
107.51721 5.0810923 -2.8464809 3381.338 5.3668934 1.0700402
107.51721 12.578384 -2.8426183 3386.4558 5.365658 1.0715631
107.51721 13.5 -2.8421416 3387.0852 5.3655043 1.0717528
112.25817 1.0580466 -2.7649913 3456.3754 5.342273 1.1248128
112.25817 2.5696739 -2.7646358 3457.079 5.3422711 1.1248152
112.25817 6.3310864 -2.7628344 3459.4858 5.3416787 1.1255827
112.25817 13.5 -2.7593226 3464.1241 5.3404944 1.1271184
117.96082 2.2518353 -2.6830171 3527.8856 5.317393 1.186534
117.96082 5.5422572 -2.6814665 3529.9814 5.316874 1.1872431
117.96082 13.5 -2.6774834 3535.2017 5.3154581 1.18918
124.92896 2.2614259 -2.6002529 3594.2705 5.2919392 1.2573893
124.92896 5.5698021 -2.5986792 3596.3438 5.2913672 1.2582175
124.92896 11.508173 -2.5955182 3600.256 5.290095 1.2600618
124.92896 13.5 -2.5943464 3601.6479 5.2895946 1.2607879
133.31045 1.6763409 -2.5167237 3657.1847 5.2667556 1.3370944
133.31045 4.1189693 -2.5154975 3658.7651 5.2662799 1.3378269
133.31045 7.7976805 -2.5133567 3661.2517 5.2653194 1.3393072
133.31045 11.002056 -2.5111923 3663.524 5.2642328 1.3409837
133.31045 13.5 -2.509309 3665.3678 5.2632236 1.3425426
143.16671 1.7612579 -2.4345358 3711.8662 5.2413273 1.4268068
143.16671 4.3317349 -2.4330639 3713.4233 5.2405839 1.4280284
143.16671 7.5841409 -2.4306581 3715.5498 5.2391726 1.4303505
143.16671 10.956235 -2.4275503 3717.9301 5.2371773 1.43364
143.16671 13.5 -2.4248166 3719.8488 5.2353399 1.4366761
154.83196 1.5767844 -2.3496839 3766.7344 5.2159846 1.5277271
154.83196 3.8703734 -2.3477417 3768.7192 5.2149575 1.5295347
154.83196 7.3246242 -2.3435201 3772.1937 5.2123368 1.5341566
154.83196 10.905992 -2.3378156 3776.2973 5.208521 1.5409111
154.83196 13.5 -2.3331568 3779.4912 5.2053309 1.5465808
