# mass_Mjup age_Gyr logL_Lsun Teff_K logg_cgs radius_Rjup
62.853931 1.0340002 -4.2700254 1712.9116 5.3758778 0.80972046
62.853931 1.6543246 -4.5214937 1509.149 5.4073348 0.78092012
62.853931 2.5119736 -4.7547987 1337.9542 5.4314762 0.75951421
62.853931 3.6765805 -4.9848233 1184.6584 5.4501084 0.74339524
62.853931 5.312291 -5.2028886 1054.0375 5.4652254 0.73056908
62.853931 7.7968654 -5.4107967 942.5414 5.478911 0.71914834
62.853931 11.666076 -5.6413421 831.46202 5.4916243 0.70869901
62.853931 13.5 -5.7452553 784.98697 5.4956176 0.7054483
67.260435 1.522716 -4.3876385 1629.5387 5.4362369 0.78139232
67.260435 2.3441545 -4.6252755 1443.6646 5.4634806 0.75726402
67.260435 3.4916215 -4.8589367 1277.681 5.4849662 0.73876195
67.260435 5.1769038 -5.0976123 1124.9822 5.5025346 0.72396956
67.260435 7.5261307 -5.3167942 999.70676 5.5166245 0.71232036
67.260435 11.267442 -5.5298105 891.22059 5.5300911 0.70136173
67.260435 13.5 -5.6416269 838.28012 5.5355233 0.69698905
71.512651 1.5544711 -4.312906 1705.3553 5.4671285 0.7775619
71.512651 2.387526 -4.5491804 1513.3337 5.4958822 0.75224291
71.512651 3.6488041 -4.7916675 1334.659 5.5201118 0.73154886
71.512651 5.2863483 -5.0169262 1184.364 5.53783 0.71677722
71.512651 7.5921601 -5.2323442 1055.0253 5.5523587 0.70488759
71.512651 11.020354 -5.4407761 942.74054 5.5653079 0.69445687
71.512651 13.5 -5.5579995 884.48933 5.5717329 0.68933885
73.329586 1.1546726 -4.1169679 1884.8902 5.4559715 0.79755685
73.329586 1.833498 -4.3628116 1668.923 5.4904162 0.76654789
73.329586 2.885752 -4.6152192 1467.9037 5.5198688 0.74099109
73.329586 4.2967068 -4.8494984 1298.9976 5.5417911 0.72252324
73.329586 6.2135402 -5.0731521 1153.2695 5.5587347 0.70856556
73.329586 9.107775 -5.3038563 1018.4154 5.5734154 0.69669015
73.329586 13.284352 -5.5136295 909.14479 5.586021 0.68665229
73.329586 13.5 -5.5245184 903.73443 5.5865411 0.68624129
76.734629 1.0183996 -3.9723662 2034.3143 5.4636099 0.80872062
76.734629 1.6216021 -4.216942 1805.4948 5.5008985 0.7747369
76.734629 2.5847626 -4.4728161 1588.5661 5.5344087 0.7454167
76.734629 3.836696 -4.7008053 1413.0919 5.5590585 0.72455978
76.734629 5.6272395 -4.9315111 1251.7774 5.579191 0.70795875
76.734629 8.1506922 -5.1626687 1106.0446 5.5953307 0.69492526
76.734629 11.624038 -5.3774586 984.75973 5.6083513 0.68458572
76.734629 13.5 -5.4629635 940.15697 5.6133364 0.68066787
79.846011 1.2155756 -3.9800388 2037.5582 5.4913122 0.79905795
79.846011 1.9470231 -4.2262744 1807.2078 5.5291401 0.76500514
79.846011 2.9773107 -4.4683662 1600.8287 5.560579 0.73781061
79.846011 4.5154092 -4.7134814 1411.6847 5.5872655 0.71548681
79.846011 6.4844561 -4.9376312 1254.8492 5.6068307 0.69955047
79.846011 9.4045071 -5.1779192 1103.1874 5.6233497 0.68637195
79.846011 13.28421 -5.3942533 981.17644 5.6360751 0.67638947
79.846011 13.5 -5.4045321 975.70502 5.6366396 0.67595002
80.65079 1.0100071 -3.8568539 2165.2276 5.4780568 0.81542437
80.65079 1.5969905 -4.0955167 1929.3667 5.5163646 0.78024287
80.65079 2.5196167 -4.3447728 1706.0837 5.5519628 0.7489118
80.65079 3.8333552 -4.591834 1505.2041 5.5814044 0.72395221
80.65079 5.6728482 -4.8293078 1330.6833 5.6047953 0.70471647
80.65079 8.0657423 -5.0553101 1180.1719 5.6222799 0.69067244
80.65079 11.420101 -5.282133 1044.234 5.6365131 0.67944694
80.65079 13.5 -5.3888924 985.36551 5.6424705 0.67480272
82.833629 1.0279839 -3.7953965 2237.1756 5.4849836 0.81982153
82.833629 1.6792414 -4.0420792 1987.3627 5.5259745 0.78203079
82.833629 2.6622009 -4.2919508 1758.2694 5.5630793 0.74932717
82.833629 3.9931828 -4.5382147 1552.8668 5.5935383 0.72350571
82.833629 5.8091284 -4.7711834 1377.176 5.6179279 0.70347255
82.833629 8.2471181 -5.0039654 1217.7296 5.6369557 0.68822945
82.833629 11.553839 -5.2318791 1077.1994 5.6518503 0.67652834
82.833629 13.5 -5.3387134 1016.4046 5.6577668 0.67193572
84.716702 1.0871614 -3.753353 2288.5802 5.4921666 0.82225964
84.716702 1.8374798 -4.0008904 2034.137 5.5349604 0.78273023
84.716702 2.8660667 -4.2415894 1808.5196 5.5714315 0.75054468
84.716702 4.2556949 -4.4910042 1595.5422 5.6031865 0.72360081
84.716702 6.2218091 -4.7361293 1407.1751 5.630071 0.70154707
84.716702 8.6751678 -4.9653075 1247.343 5.6498003 0.68579156
84.716702 11.936712 -5.1954977 1102.1723 5.6650448 0.67386035
84.716702 13.5 -5.2817298 1051.8373 5.6700732 0.66997055
85.293044 1.3996226 -3.8417638 2197.5141 5.5129842 0.80551283
85.293044 2.3338799 -4.0941438 1945.9365 5.5541522 0.76822505
85.293044 3.632951 -4.3535666 1711.8286 5.5909015 0.73640012
85.293044 5.2254895 -4.5918351 1517.2024 5.619503 0.71254628
85.293044 7.4594256 -4.8319756 1339.8261 5.643663 0.69299976
85.293044 10.385771 -5.0696447 1180.8503 5.6619178 0.67858726
85.293044 13.5 -5.2631548 1063.5129 5.6736195 0.66950652
86.791552 1.4842476 -3.7918084 2255.4808 5.5158225 0.80990721
86.791552 2.5535839 -4.0423125 2000.3236 5.557771 0.77172219
86.791552 3.9439076 -4.2939072 1768.0397 5.5949328 0.7394011
86.791552 5.6459818 -4.5439701 1558.5505 5.6259113 0.7134949
86.791552 7.9242559 -4.786933 1375.4059 5.6517141 0.69261109
86.791552 10.765762 -5.022771 1213.9898 5.6706888 0.6776448
86.791552 13.5 -5.1992655 1103.8485 5.6819609 0.66890744
87.721754 1.0541693 -3.5880626 2489.7815 5.4883949 0.8403573
87.721754 1.8912438 -3.8319096 2216.8196 5.5305184 0.80057537
87.721754 3.2713689 -4.0904876 1957.1679 5.5726874 0.76263674
87.721754 4.8952723 -4.3478197 1723.5672 5.60922 0.73122566
87.721754 6.8025028 -4.5948197 1521.1072 5.6391464 0.70646109
87.721754 9.3660002 -4.8434662 1337.4508 5.6642649 0.68632369
87.721754 12.442724 -5.0765326 1181.4345 5.6818587 0.67256159
87.721754 13.5 -5.1440515 1139.2163 5.6861636 0.66923648
88.112529 1.2477501 -3.6408701 2428.2142 5.4996358 0.83139746
88.112529 2.2804504 -3.8770256 2171.2552 5.5414869 0.79228817
88.112529 3.8287305 -4.1344973 1917.0154 5.5826175 0.75564508
88.112529 5.5454791 -4.3915144 1687.1251 5.6177214 0.72571471
88.112529 7.7366725 -4.6509345 1479.0753 5.6485133 0.70043838
88.112529 10.38383 -4.89269 1304.0204 5.6714452 0.68218788
88.112529 13.5 -5.1142572 1158.4717 5.6874167 0.66975851
88.739093 1.5333737 -3.6839702 2381.2149 5.5118597 0.82268846
88.739093 2.9495938 -3.9268591 2122.4325 5.5548897 0.78292542
88.739093 4.8282839 -4.1944806 1863.2688 5.5962777 0.74649419
88.739093 6.6188203 -4.4400694 1647.9313 5.6285209 0.71929135
88.739093 8.840222 -4.682279 1457.0172 5.6568328 0.69622377
88.739093 11.719745 -4.9300671 1279.9292 5.6795061 0.67828502
88.739093 13.5 -5.0583506 1195.1145 5.6886837 0.67115592
88.870834 1.5730675 -3.6841931 2381.503 5.512937 0.82227842
88.870834 3.0476625 -3.9262038 2123.5518 5.5557946 0.7826906
88.870834 4.8547456 -4.1763544 1880.3841 5.59468 0.74842346
88.870834 6.7968326 -4.4391861 1649.0113 5.6294201 0.71908026
88.870834 9.0514066 -4.6831208 1456.7151 5.6579586 0.69583793
88.870834 11.951418 -4.9313276 1279.3696 5.6806511 0.67789411
88.870834 13.5 -5.0445622 1204.2381 5.6887511 0.67160182
89.402956 1.6237774 -3.6536785 2418.6763 5.5119215 0.82570127
89.402956 3.1228846 -3.8717611 2181.2595 5.5505224 0.7898098
89.402956 5.3059957 -4.1329771 1922.4278 5.5923093 0.75271237
89.402956 7.5536269 -4.4177674 1668.39 5.6308897 0.72001059
89.402956 9.7439992 -4.653293 1480.518 5.6588797 0.69717831
89.402956 12.510422 -4.8941871 1305.948 5.6818226 0.67900413
89.402956 13.5 -4.9690328 1255.0969 5.6876737 0.67444547
89.746203 1.4437726 -3.5848496 2501.3384 5.5031356 0.83569541
89.746203 2.8110338 -3.7969245 2261.1446 5.539834 0.8011223
89.746203 5.3834464 -4.0676739 1985.3661 5.5846325 0.76085091
89.746203 7.561189 -4.3215592 1752.0863 5.6213775 0.72933504
89.746203 9.6893279 -4.565926 1548.7525 5.6514502 0.70451574
89.746203 12.366326 -4.8113494 1364.9932 5.6774676 0.68372584
89.746203 13.5 -4.9046658 1299.4386 5.6852851 0.67759981
89.866684 1.4641362 -3.580758 2506.5776 5.5032615 0.83613498
89.866684 3.1015523 -3.8113996 2246.3003 5.5434497 0.79832968
89.866684 5.9114493 -4.0917444 1962.7803 5.58941 0.75718526
89.866684 8.1226151 -4.3480392 1729.2914 5.6256908 0.72620921
89.866684 10.358872 -4.5960167 1525.63 5.6559923 0.7013115
89.866684 13.068396 -4.838498 1345.9935 5.6808487 0.68152658
89.866684 13.5 -4.8740891 1320.9687 5.6838381 0.679185
90.144229 1.920772 -3.6456221 2431.2605 5.5164662 0.8247905
90.144229 4.3967332 -3.8822735 2173.062 5.55808 0.78620669
90.144229 7.6122991 -4.1814222 1879.5517 5.6051573 0.74472871
90.144229 9.8290406 -4.4372902 1653.9176 5.6388637 0.71638234
90.144229 12.235623 -4.6784945 1463.3832 5.6674448 0.69319326
90.144229 13.5 -4.790255 1381.0068 5.6785562 0.68438206
90.340523 1.6532874 -3.5807425 2508.6047 5.5069341 0.83479918
90.340523 3.5879741 -3.7898072 2270.9156 5.5430739 0.80077796
90.340523 7.4235382 -4.0851755 1970.5181 5.5919599 0.75695333
90.340523 10.058638 -4.3633802 1717.3068 5.6312345 0.72348885
90.340523 12.360609 -4.6057578 1519.2659 5.6607556 0.69931247
90.340523 13.5 -4.7101587 1440.2159 5.6723318 0.69005415
90.402041 1.670793 -3.5788621 2511.0461 5.5070392 0.83498234
90.402041 3.6362889 -3.7847083 2276.5618 5.5425844 0.80150216
90.402041 7.57185 -4.0729989 1982.3697 5.5904959 0.75848841
90.402041 10.310364 -4.3550514 1724.7082 5.6306723 0.72420374
90.402041 12.635915 -4.6004558 1523.5598 5.6606522 0.69963382
90.402041 13.5 -4.6806449 1462.4268 5.6696998 0.69238399
90.54606 2.0189915 -3.6200315 2463.1873 5.5154709 0.82757449
90.54606 4.6474424 -3.8210814 2238.5756 5.5504181 0.7949384
90.54606 7.9732024 -4.0365184 2018.4176 5.5860122 0.76302093
90.54606 11.266514 -4.3587569 1721.9001 5.6322383 0.72347478
90.54606 13.5 -4.5924548 1530.1279 5.6608154 0.70005935
90.578871 2.0230651 -3.6170809 2466.8249 5.5152411 0.82794342
90.578871 4.6595941 -3.8153663 2244.7398 5.5496373 0.79579746
90.578871 7.9955753 -4.0219955 2032.9452 5.5841053 0.76483649
90.578871 11.370423 -4.3440748 1734.759 5.6306384 0.72493993
90.578871 13.5 -4.5697411 1547.9144 5.6583359 0.70218782
90.708141 2.1196897 -3.6170256 2467.4372 5.5162364 0.8275852
90.708141 4.9105283 -3.8023993 2258.9368 5.548242 0.79764552
90.708141 8.4417564 -3.9859471 2069.417 5.5795655 0.76939288
90.708141 12.163061 -4.3090692 1765.8305 5.6270917 0.72842538
90.708141 13.5 -4.4555844 1640.1863 5.6453835 0.71324573
90.788969 1.7824911 -3.5636687 2530.2188 5.5069142 0.83688779
90.788969 3.9204227 -3.744797 2321.3877 5.5384009 0.80709349
90.788969 7.1402464 -3.8806788 2177.0339 5.5627528 0.78478001
90.788969 10.47856 -4.075856 1980.9227 5.5939394 0.75710242
90.788969 13.5 -4.3620576 1719.7898 5.6345723 0.72250053
90.817898 1.1011736 -3.4475907 2658.1193 5.4766401 0.86670924
90.817898 2.266408 -3.623555 2460.163 5.5181621 0.82625188
90.817898 5.1658842 -3.7915866 2270.8317 5.5470779 0.79919825
90.817898 8.8345706 -3.9492615 2106.888 5.5745789 0.77429073
90.817898 12.035142 -4.1732777 1889.1905 5.6091323 0.74409321
90.817898 13.5 -4.3197925 1756.7219 5.6293561 0.72696827
90.876753 1.5419879 -3.5155254 2586.5965 5.4974731 0.84644284
90.876753 3.4681137 -3.7082807 2362.4957 5.5327977 0.81270949
90.876753 6.9254137 -3.840903 2218.8426 5.5564419 0.7908848
90.876753 10.509942 -4.00353 2052.41 5.5836194 0.76652174
90.876753 13.5 -4.237754 1830.2325 5.6188119 0.7360854
90.948493 1.9741071 -3.5735475 2519.4961 5.5101779 0.83448125
90.948493 4.4249205 -3.741209 2326.0204 5.5390387 0.80720937
90.948493 8.1159588 -3.8556484 2203.6864 5.5596232 0.78830436
90.948493 11.331072 -3.9864139 2069.8433 5.5815394 0.7686627
90.948493 13.5 -4.1245495 1935.2933 5.6029123 0.7499795
91.011866 1.1311366 -3.4450435 2661.2938 5.4770929 0.86718215
91.011866 2.3477209 -3.610449 2476.5129 5.5174896 0.8277744
91.011866 5.3749718 -3.7603092 2305.1515 5.5427852 0.80401502
91.011866 8.5979798 -3.8433681 2216.7786 5.5579356 0.79011263
91.011866 11.939595 -3.9553949 2101.4384 5.5771397 0.77283524
91.011866 13.5 -4.0345675 2022.0475 5.5894111 0.76199343
91.082294 1.722854 -3.5295019 2570.9471 5.5018886 0.84310269
91.082294 3.7038524 -3.6940224 2379.4331 5.5319304 0.81444082
91.082294 7.2596461 -3.7873645 2276.3849 5.5483613 0.79917904
91.082294 10.946293 -3.8660174 2193.4199 5.5625186 0.78625871
91.082294 13.5 -3.943309 2113.9903 5.575735 0.77438555
91.158893 1.1747553 -3.4472942 2659.4544 5.4788436 0.86613484
91.158893 2.3440487 -3.5948811 2495.5609 5.515933 0.82992872
91.158893 5.2536247 -3.7303843 2338.9466 5.5388447 0.80832302
91.158893 8.9350902 -3.7912288 2272.6874 5.5497668 0.79822237
91.158893 12.14681 -3.8394725 2221.569 5.5584909 0.79024514
91.158893 13.5 -3.8621201 2197.8083 5.5624584 0.78664374
91.250282 1.8315383 -3.5270318 2574.551 5.5026521 0.84313831
91.250282 4.0519878 -3.6834359 2391.965 5.5312695 0.81581204
91.250282 7.3960872 -3.7480432 2319.8155 5.5426713 0.80517307
91.250282 10.86325 -3.776659 2288.6001 5.5477529 0.80047617
91.250282 13.5 -3.7931485 2271.0972 5.5509057 0.79757589
91.374978 1.2123859 -3.4415133 2665.9529 5.4783306 0.86767309
91.374978 2.5125666 -3.5835594 2509.6926 5.5154489 0.83137502
91.374978 5.7478324 -3.7003787 2373.441 5.5352999 0.81258998
91.374978 9.1923065 -3.7311797 2339.1237 5.5407999 0.80746085
91.374978 12.763537 -3.7419702 2327.2838 5.542775 0.80562684
91.374978 13.5 -3.7428588 2326.3277 5.5429498 0.80546475
91.600751 1.0314354 -3.4111019 2696.726 5.4689283 0.87819938
91.600751 2.0276101 -3.5154027 2589.6309 5.5028333 0.84457971
91.600751 4.5064115 -3.6463178 2436.6214 5.5279491 0.82050784
91.600751 8.2396009 -3.6780002 2399.7314 5.5331298 0.81562847
91.600751 12.407168 -3.7391294 2336.6772 5.5480035 0.80178061
91.600751 13.5 -3.7526376 2321.4836 5.5501792 0.79977475
92.042266 1.0298542 -3.391391 2721.035 5.4668949 0.88237654
92.042266 2.0558367 -3.4783295 2630.3759 5.4949682 0.85431357
92.042266 4.6088094 -3.5811625 2515.3685 5.5201364 0.82991425
92.042266 9.1912684 -3.6495157 2440.8063 5.5362164 0.81469161
92.042266 13.177655 -3.6771396 2410.6024 5.5422093 0.80908988
92.042266 13.5 -3.6781726 2409.3754 5.5423579 0.80895149
92.34023 1.8891062 -3.4464594 2663.8603 5.4864763 0.8641022
92.34023 4.2000525 -3.5253191 2581.3428 5.5106729 0.8403628
92.34023 8.6151429 -3.568123 2533.525 5.5209948 0.83043542
92.34023 13.49788 -3.5908402 2510.424 5.5277996 0.82395492
92.34023 13.5 -3.5908459 2510.4176 5.5278009 0.82395373
92.544606 1.3011641 -3.3986256 2714.1792 5.4721109 0.87948385
92.544606 2.9631744 -3.4651121 2645.5391 5.4941001 0.85749832
92.544606 6.5225938 -3.517388 2591.6753 5.5106417 0.84132249
92.544606 10.810398 -3.5283851 2580.2789 5.5139829 0.83809235
92.544606 13.5 -3.5304005 2577.9664 5.5144407 0.83765073
92.805124 1.1418671 -3.369167 2750.3368 5.4668626 0.88605862
92.805124 2.6411121 -3.4328174 2678.9236 5.4848108 0.86793726
92.805124 6.3717135 -3.4614356 2650.3215 5.4947819 0.85803067
92.805124 9.8046612 -3.4636667 2648.2754 5.4956713 0.8571525
92.805124 13.5 -3.4597014 2652.5845 5.4945304 0.85827914
93.154259 1.1115278 -3.3517734 2772.331 5.4649365 0.88969443
93.154259 2.5515789 -3.4057921 2707.8304 5.4780608 0.87635229
93.154259 5.6356429 -3.4118302 2700.905 5.4796503 0.8747501
93.154259 8.8332004 -3.4096797 2703.7636 5.4793374 0.87506523
93.154259 12.148428 -3.4072037 2707.0254 5.4789558 0.87544972
93.154259 13.5 -3.4061932 2708.3577 5.4788001 0.87560672
93.773203 1.4391391 -3.3456222 2781.8437 5.467612 0.88989991
93.773203 3.5180979 -3.3630825 2761.2545 5.4721671 0.88524525
93.773203 6.6491058 -3.3618218 2763.0876 5.4720593 0.88535513
93.773203 9.8953349 -3.3594445 2766.2683 5.4716806 0.88574125
93.773203 13.261025 -3.3569577 2769.5906 5.4712788 0.88615099
93.773203 13.5 -3.3567811 2769.8264 5.4712502 0.88618025
94.497044 1.7171091 -3.3166545 2824.7909 5.468598 0.89231433
94.497044 4.2095088 -3.3161335 2825.994 5.4688168 0.89208961
94.497044 7.3631243 -3.3143805 2829.2446 5.4690608 0.89183908
94.497044 10.632793 -3.3125563 2832.6319 5.4693152 0.8915779
94.497044 13.5 -3.3109511 2835.6166 5.4695395 0.89134767
95.357227 1.3733072 -3.2404471 2939.6467 5.4655614 0.89950563
95.357227 3.3536695 -3.270618 2902.3103 5.473527 0.89129417
95.357227 6.9083212 -3.268824 2905.0489 5.4733715 0.89145378
95.357227 10.593784 -3.2658963 2909.2258 5.4729397 0.89189701
95.357227 13.5 -3.263581 2912.5267 5.4725944 0.89225173
96.193554 2.0638245 -3.2136906 2976.3156 5.4641326 0.90492893
96.193554 5.0715902 -3.2171166 2972.5518 5.4653605 0.90365058
96.193554 8.273853 -3.2146048 2976.1498 5.46495 0.90407769
96.193554 11.214399 -3.2122612 2979.5004 5.464561 0.90448264
96.193554 13.5 -3.2104401 2982.1046 5.4642577 0.9047986
97.244163 2.1348515 -3.1572323 3049.4676 5.454572 0.91992735
97.244163 5.2480048 -3.1578749 3049.2286 5.4550785 0.91939108
97.244163 8.5624701 -3.1552873 3052.9379 5.4546029 0.9198947
97.244163 11.998908 -3.152595 3056.7973 5.4541052 0.92042187
97.244163 13.5 -3.1514202 3058.4824 5.4538878 0.92065233
98.615602 1.0796363 -3.0758344 3139.1274 5.4295959 0.9534164
98.615602 2.6220214 -3.0938249 3123.481 5.4389061 0.94325154
98.615602 6.4599691 -3.091998 3125.6691 5.4382957 0.94391469
98.615602 13.5 -3.087148 3131.0052 5.4364089 0.94596737
100.42941 1.6363786 -3.0287401 3183.8509 5.414992 0.97845805
100.42941 4.0076014 -3.0290576 3183.9594 5.4153687 0.97803381
100.42941 9.9079626 -3.0256775 3187.6397 5.4139955 0.9795813
100.42941 13.5 -3.0236293 3189.8676 5.413161 0.98052286
103.23185 1.0464442 -2.9449751 3275.5753 5.3925192 1.018017
103.23185 2.5394422 -2.9470305 3273.847 5.3936578 1.0166834
103.23185 6.2544991 -2.9448329 3276.9559 5.3931091 1.0173259
103.23185 15.49875 -2.9393215 3284.734 5.3917161 1.0189587
105.73469 1.5553214 -2.8766556 3368.6669 5.3832854 1.0412951
105.73469 3.8065297 -2.8750615 3371.5882 5.3831972 1.0414008
105.73469 7.1969533 -2.8724831 3376.2226 5.383005 1.0416313
105.73469 10.712145 -2.8697972 3381.0492 5.3828007 1.0418763
105.73469 13.657563 -2.8675359 3385.1114 5.3826253 1.0420867
106.23931 1.0569706 -2.8615802 3390.2009 5.3813473 1.0461086
106.23931 2.5664262 -2.8618793 3390.415 5.3817561 1.0456163
106.23931 6.3224347 -2.8590174 3395.5693 5.3815332 1.0458847
106.23931 10.321325 -2.856138 3400.5581 5.3812041 1.046281
106.23931 15.061156 -2.8535125 3404.0074 5.3803398 1.0473226
108.63194 1.4036782 -2.8128862 3440.6867 5.3680044 1.074198
108.63194 3.4297872 -2.8119864 3441.9636 5.3677491 1.0745138
108.63194 8.4713946 -2.8093381 3445.461 5.3668651 1.0756079
108.63194 14.607747 -2.8060834 3449.7364 5.3657647 1.0769715
113.30011 1.3395896 -2.7345031 3512.2315 5.3436461 1.1282358
113.30011 3.2718589 -2.7336057 3513.4821 5.3433671 1.1285983
113.30011 8.0799633 -2.731196 3516.7176 5.3425564 1.1296522
113.30011 13.93211 -2.7281757 3520.7135 5.3415089 1.1310153
119.24999 2.2674953 -2.6515129 3583.8119 5.3179322 1.1922597
119.24999 5.5832122 -2.6499026 3585.9683 5.3173668 1.193036
119.24999 12.684268 -2.6462009 3590.7408 5.3159756 1.1949484
119.24999 13.833777 -2.6455668 3591.5335 5.315725 1.1952932
126.44867 1.7504079 -2.569144 3648.8215 5.2922489 1.264563
126.44867 4.3003307 -2.5678974 3650.4816 5.2917924 1.2652278
126.44867 7.5267296 -2.5661801 3652.6463 5.291105 1.2662295
126.44867 10.87186 -2.5642255 3654.965 5.2902528 1.2674725
126.44867 13.548191 -2.5625286 3656.8743 5.2894631 1.2686253
135.10179 1.657753 -2.4858266 3710.1612 5.2666389 1.3462287
135.10179 4.0746565 -2.48455 3711.7461 5.2661043 1.3470577
135.10179 7.7146247 -2.4822322 3714.3077 5.2649849 1.3487947
135.10179 10.885253 -2.479811 3716.7275 5.2636951 1.3507992
135.10179 14.17256 -2.4769097 3719.4302 5.2620566 1.3533497
145.27524 2.4062799 -2.4036501 3763.3935 5.2407404 1.4382467
145.27524 5.937713 -2.4010883 3765.7714 5.2392759 1.4406738
145.27524 9.1873834 -2.3979076 3768.2485 5.2372375 1.4440587
145.27524 12.454617 -2.3939837 3771.0334 5.2345969 1.4484553
145.27524 13.618187 -2.3924451 3772.0895 5.2335448 1.450211
