# mass_Mjup age_Gyr logL_Lsun Teff_K logg_cgs radius_Rjup
62.853931 1.3561389 -4.4702766 1445.4441 5.2811943 0.90297731
62.853931 2.3303479 -4.6374157 1340.1793 5.3169799 0.86653092
62.853931 4.7544915 -4.8661318 1211.3676 5.3701481 0.81507947
62.853931 7.2874609 -5.062563 1102.4848 5.4029661 0.78485777
65.634487 1.1701721 -4.3815506 1516.5255 5.2946617 0.90853769
65.634487 1.7219182 -4.5084358 1428.4978 5.3176663 0.88479094
65.634487 3.0948389 -4.6880657 1316.9988 5.3561193 0.84647502
65.634487 6.511105 -4.9298592 1183.7923 5.4126734 0.79311677
65.634487 8.7585414 -5.0804563 1100.0423 5.4358061 0.77227286
68.168485 1.153783 -4.2601837 1627.5255 5.3124587 0.90713145
68.168485 1.7225117 -4.4625105 1467.6008 5.335106 0.88378489
68.168485 3.0485917 -4.6342471 1356.1596 5.3696541 0.84932233
68.168485 6.3483031 -4.8624219 1226.5375 5.423309 0.7984452
68.168485 10.350675 -5.0887775 1102.2203 5.4640149 0.76188981
70.984637 1.3662907 -4.304804 1597.239 5.3420281 0.89469685
70.984637 1.5015145 -4.3531716 1557.9497 5.3471298 0.88945718
70.984637 1.8379948 -4.4335588 1496.2876 5.3573636 0.87903907
70.984637 2.6752654 -4.5396476 1423.5001 5.3768222 0.85956531
70.984637 4.7586624 -4.7048225 1320.2716 5.4112201 0.82618996
70.984637 9.9202809 -4.9479327 1188.4701 5.4716301 0.77068142
70.984637 12.802037 -5.0985332 1104.3571 5.4947159 0.75046774
72.056433 1.4327908 -4.1961202 1703.321 5.351559 0.89158888
72.056433 1.6830939 -4.3700607 1548.1989 5.3596205 0.88335222
72.056433 2.2896267 -4.4680502 1475.5551 5.3741249 0.86872381
72.056433 3.7988745 -4.6052467 1383.889 5.3999045 0.84331902
72.056433 7.554366 -4.8065448 1265.9201 5.4464228 0.79934225
72.056433 13.5 -5.0727269 1121.5214 5.5022101 0.74961648
72.534444 1.4810405 -4.1961241 1704.8874 5.3560313 0.88994725
72.534444 1.7598623 -4.3712261 1548.8644 5.3644041 0.88140979
72.534444 2.4355017 -4.471113 1474.854 5.3792336 0.86648917
72.534444 4.1167086 -4.6097676 1382.3245 5.405332 0.84084111
72.534444 8.3000895 -4.8168669 1261.6221 5.4537085 0.79529027
72.534444 13.5 -5.0396051 1141.4267 5.5025215 0.75182915
73.329586 1.0357597 -3.9965133 1882.4824 5.3332963 0.91854245
73.329586 1.6423318 -4.3033127 1606.4723 5.3646651 0.8859615
73.329586 2.5604594 -4.4560921 1487.7135 5.3840287 0.86642916
73.329586 4.7012173 -4.6098641 1384.2615 5.412596 0.83839637
73.329586 7.9252977 -4.7612795 1292.9327 5.4454424 0.80728367
73.329586 13.448218 -4.9667135 1184.817 5.4991779 0.75885435
73.329586 13.5 -4.9755042 1179.1328 5.4996144 0.75847314
74.496402 1.3352624 -4.0997006 1791.9443 5.357714 0.9001573
74.496402 2.1671599 -4.3683934 1557.3827 5.3826901 0.87464207
74.496402 3.6082188 -4.494169 1464.5976 5.4017577 0.85565086
74.496402 6.6944412 -4.6364296 1370.7441 5.4289706 0.82925889
74.496402 10.412215 -4.7682557 1291.9119 5.4579027 0.80209183
74.496402 13.5 -4.8692696 1239.2075 5.486561 0.77605929
75.256222 1.0906809 -3.9563105 1928.0018 5.3458627 0.91716529
75.256222 1.6782726 -4.1640589 1740.1702 5.3755483 0.88634912
75.256222 2.4217481 -4.3771467 1552.9994 5.3909543 0.87076675
75.256222 3.9376702 -4.4808692 1476.0252 5.4063668 0.85545187
75.256222 7.1842222 -4.6021851 1393.817 5.4281307 0.83428349
75.256222 10.550247 -4.695565 1336.0547 5.4479845 0.81543009
75.256222 13.5 -4.7771782 1288.445 5.4665643 0.79817266
75.594739 1.0961858 -3.9461047 1939.0864 5.3475651 0.91742595
75.594739 1.705806 -4.1586399 1745.7483 5.3776381 0.88620566
75.594739 3.0717314 -4.4132095 1526.3753 5.3989264 0.86474954
75.594739 6.3128821 -4.5448722 1432.9882 5.4209144 0.84313356
75.594739 9.7636217 -4.6331453 1375.4657 5.4380161 0.82669542
75.594739 13.341349 -4.7206299 1321.5289 5.4560083 0.80974716
75.594739 13.5 -4.7247173 1319.0391 5.4568196 0.80899109
76.041063 1.1239934 -3.9431779 1943.6093 5.3512421 0.9162433
76.041063 1.7609125 -4.1546032 1750.5203 5.3809001 0.88548626
76.041063 3.2024532 -4.3975382 1539.7464 5.4009632 0.86526721
76.041063 6.6397873 -4.5154275 1454.3875 5.4197764 0.8467275
76.041063 10.299397 -4.5934585 1401.2943 5.4332042 0.83373835
76.041063 13.5 -4.6436367 1370.0508 5.4442117 0.82323917
76.591532 1.1022308 -3.9094639 1978.3511 5.3514382 0.91934608
76.591532 1.6594333 -4.1169432 1783.8961 5.3791823 0.89044477
76.591532 2.8911589 -4.3556593 1573.8619 5.4002866 0.86907017
76.591532 5.0880415 -4.4408362 1508.5881 5.4118797 0.85754771
76.591532 8.3966482 -4.4957378 1469.527 5.421209 0.84838633
76.591532 11.827012 -4.5349717 1442.5448 5.4282498 0.84153709
76.591532 13.5 -4.5514 1431.3185 5.4311059 0.83877443
77.188333 1.0983171 -3.8802339 2009.7455 5.35293 0.92133721
77.188333 1.6202816 -4.0848779 1814.1913 5.3797419 0.89333149
77.188333 2.8610377 -4.3410864 1587.1564 5.4036971 0.86903056
77.188333 5.6588157 -4.4075216 1535.6479 5.41282 0.85995083
77.188333 9.198824 -4.4403276 1510.8187 5.4173088 0.85551813
77.188333 12.869105 -4.4536683 1500.8573 5.4191577 0.85369898
77.188333 13.5 -4.4549718 1499.8935 5.4193452 0.85351471
77.695058 1.3033536 -3.9507976 1942.4725 5.3671906 0.9093041
77.695058 2.1854922 -4.1553707 1754.9509 5.3954041 0.88024269
77.695058 4.0023293 -4.3463347 1584.5107 5.4088889 0.86668244
77.695058 7.1663856 -4.374375 1562.643 5.4127877 0.86280097
77.695058 10.446879 -4.3846212 1554.7782 5.4142685 0.86133124
77.695058 13.5 -4.3882187 1552.0392 5.4148029 0.86080149
77.80724 1.4577011 -3.997789 1898.4256 5.3749635 0.9018536
77.80724 2.4686705 -4.1827554 1732.4655 5.4010139 0.87520707
77.80724 4.6820905 -4.3472724 1584.1239 5.4100291 0.86617016
77.80724 7.9704008 -4.3660803 1569.4348 5.4126535 0.86355703
77.80724 11.379721 -4.3724818 1564.4918 5.4135751 0.86264126
77.80724 13.5 -4.3739635 1563.3595 5.413799 0.8624189
78.0338 1.4028691 -3.9711583 1924.3833 5.3731875 0.90501417
78.0338 2.3059614 -4.1556494 1755.7546 5.3983676 0.87915481
78.0338 4.4983752 -4.3342276 1595.1408 5.4102866 0.8671732
78.0338 7.7212737 -4.3433914 1587.8773 5.4115221 0.86594065
78.0338 11.062775 -4.3458504 1585.9672 5.4118901 0.86557385
78.0338 13.5 -4.3462756 1585.6536 5.4119717 0.86549247
78.852064 1.5943831 -3.9882538 1911.2632 5.382929 0.89960078
78.852064 2.7616743 -4.1562107 1757.7508 5.4054331 0.8765925
78.852064 5.6662685 -4.2846075 1642.6771 5.4162094 0.86578409
78.852064 9.3414305 -4.2842032 1643.1007 5.4162531 0.86574054
78.852064 12.547651 -4.2839499 1643.3766 5.4162914 0.86570239
78.852064 13.5 -4.2838746 1643.4585 5.4163028 0.86569105
79.66079 1.3272546 -3.8622122 2038.1236 5.372959 0.91464078
79.66079 2.2827012 -4.070366 1836.2061 5.3998764 0.886731
79.66079 4.5104742 -4.1768272 1742.9751 5.4158166 0.87060621
79.66079 7.8656033 -4.2228933 1704.9032 5.423517 0.86292212
79.66079 11.344201 -4.2355872 1693.2768 5.4243237 0.86212101
79.66079 13.5 -4.2356546 1693.2375 5.4243508 0.86209408
80.587249 1.6923227 -3.9242013 1978.2965 5.3882132 0.90392902
80.587249 2.9494621 -4.0642162 1845.1792 5.4072169 0.88436689
80.587249 6.0776272 -4.1179945 1795.1077 5.413203 0.87829299
80.587249 9.408075 -4.1236272 1790.3868 5.4142612 0.87722367
80.587249 12.861083 -4.1244873 1789.7084 5.4144629 0.87702001
80.587249 13.5 -4.124468 1789.7338 5.4144682 0.87701467
81.418573 1.4761288 -3.8037912 2106.6361 5.3814529 0.91567864
81.418573 2.865446 -3.9951837 1913.9359 5.4061968 0.88996127
81.418573 5.8955957 -4.050831 1860.8422 5.4129728 0.8830456
81.418573 9.1216899 -4.0536232 1858.2317 5.4133262 0.88268631
81.418573 12.466504 -4.0532033 1858.6972 5.4133415 0.88267086
81.418573 13.5 -4.0530304 1858.8823 5.4133416 0.88267071
82.374771 1.1645041 -3.6921738 2215.6672 5.3625662 0.94128639
82.374771 2.4772738 -3.9164602 1991.8538 5.4018643 0.89964823
82.374771 5.0968601 -3.9679406 1942.9087 5.4101244 0.89113328
82.374771 8.4114038 -3.9737745 1937.4905 5.4111072 0.89012563
82.374771 11.847923 -3.9735568 1937.7729 5.4111427 0.89008924
82.374771 13.5 -3.9732256 1938.1219 5.4111243 0.89010806
83.264083 1.9321225 -3.7873121 2128.7825 5.3928751 0.91390088
83.264083 4.6424068 -3.9003751 2011.3058 5.4073254 0.89882251
83.264083 8.07171 -3.9018866 2009.8117 5.4075459 0.89859435
83.264083 11.627212 -3.9011829 2010.6572 5.4075728 0.89856646
83.264083 13.5 -3.9008038 2011.1116 5.4075863 0.89855249
83.54959 1.7133123 -3.7474063 2167.5009 5.3857679 0.92298783
83.54959 4.110896 -3.8778068 2036.2494 5.4076551 0.90002042
83.54959 7.6063225 -3.8822894 2031.5836 5.4081526 0.89950509
83.54959 11.324584 -3.8815428 2032.4926 5.4081831 0.89947352
83.54959 13.5 -3.881087 2033.0449 5.4081993 0.89945677
84.60138 1.0637256 -3.5893506 2321.1364 5.3521108 0.96547511
84.60138 2.5514455 -3.7583672 2160.8241 5.3968024 0.91705481
84.60138 5.7375987 -3.8056863 2116.035 5.4077353 0.90558422
84.60138 9.0410023 -3.8084974 2113.4629 5.4084334 0.90485668
84.60138 12.465971 -3.8077717 2114.267 5.4083685 0.90492425
84.60138 13.5 -3.8074825 2114.5766 5.4083337 0.9049605
85.672408 2.1179696 -3.6788112 2240.0511 5.385264 0.93518229
85.672408 5.1734534 -3.7264583 2194.8123 5.397469 0.92213344
85.672408 8.4265199 -3.7283547 2193.1418 5.3980426 0.92152468
85.672408 11.799299 -3.7274949 2194.0878 5.397932 0.92164203
85.672408 13.5 -3.7269904 2194.6322 5.3978585 0.92172003
87.003008 1.927102 -3.6055338 2314.2115 5.3752604 0.95333319
87.003008 4.6968065 -3.6422043 2279.4928 5.3856716 0.94197444
87.003008 8.2012936 -3.6428991 2279.0011 5.3859917 0.94162735
87.003008 11.834746 -3.6418445 2280.1713 5.3858287 0.94180402
87.003008 13.5 -3.6413409 2280.7268 5.3857483 0.94189119
88.548516 1.4350934 -3.5103989 2410.1672 5.358349 0.9806723
88.548516 3.4717836 -3.5572258 2365.7832 5.3728869 0.96439501
88.548516 7.127541 -3.5587553 2364.5407 5.3735039 0.96371025
88.548516 10.307769 -3.5578175 2365.6173 5.3733569 0.96387338
88.548516 13.5 -3.5568453 2366.7276 5.3731997 0.96404776
90.345604 1.013281 -3.4031758 2517.6 5.3356098 1.0168488
90.345604 2.4207475 -3.4710963 2454.2566 5.3592633 0.98953155
90.345604 5.9229746 -3.4753794 2450.4284 5.3608346 0.98774306
90.345604 9.1457692 -3.4744239 2451.5658 5.3606852 0.98791291
90.345604 12.910503 -3.4732649 2452.9352 5.3604963 0.98812779
90.345604 13.5 -3.4730834 2453.1497 5.3604667 0.98816151
92.404061 1.7111731 -3.3852648 2541.2746 5.3437424 1.018784
92.404061 4.1568086 -3.3945763 2532.9208 5.3473339 1.0145801
92.404061 8.5466025 -3.3933597 2534.4053 5.3471352 1.0148123
92.404061 12.365386 -3.3921974 2535.7928 5.3469236 1.0150595
92.404061 13.5 -3.391852 2536.205 5.3468607 1.0151331
94.84278 1.2949222 -3.3003265 2625.5406 5.3267858 1.0524877
94.84278 3.119834 -3.3138823 2613.782 5.3325441 1.0455333
94.84278 7.6607986 -3.3127502 2615.2251 5.3323709 1.0457418
94.84278 13.5 -3.3110044 2617.3384 5.3320283 1.0461543
97.846733 1.3790285 -3.225668 2699.1514 5.3137034 1.0852486
97.846733 3.3304513 -3.2307457 2695.168 5.3162155 1.0821144
97.846733 8.1862154 -3.2293766 2696.8547 5.3159333 1.0824661
97.846733 13.5 -3.2278323 2698.7397 5.3156027 1.0828782
101.45638 1.4122793 -3.1462281 2773.867 5.2974301 1.1259845
101.45638 3.4145601 -3.1479421 2772.8175 5.2984867 1.1246156
101.45638 8.3968753 -3.1465443 2774.5375 5.2981661 1.1250307
101.45638 13.5 -3.1451016 2776.3088 5.2978322 1.1254633
105.81691 1.1461073 -3.0617291 2849.8137 5.2781302 1.1757642
105.81691 2.7548204 -3.063982 2848.4653 5.2795609 1.1738291
105.81691 6.7578136 -3.0628556 2849.874 5.2792935 1.1741905
105.81691 13.5 -3.0609323 2852.2666 5.278828 1.17482
110.99759 1.2262291 -2.9789418 2920.9892 5.2589553 1.2310818
110.99759 2.9587377 -2.9792955 2921.0694 5.2593567 1.230513
110.99759 7.2697736 -2.978076 2922.5867 5.2590392 1.2309628
110.99759 13.5 -2.9762976 2924.7874 5.2585685 1.2316301
117.11881 1.0730347 -2.8954954 2987.3225 5.2378306 1.295704
117.11881 2.5838672 -2.8958451 2987.43 5.2382428 1.2950892
117.11881 6.343302 -2.894788 2988.7365 5.2379452 1.295533
117.11881 13.5 -2.8927294 2991.2513 5.2373478 1.2964244
124.44362 1.1458593 -2.8116297 3049.7473 5.2162379 1.3692261
124.44362 2.7708792 -2.8113993 3050.2052 5.2162683 1.3691782
124.44362 6.8144489 -2.8102312 3051.6195 5.2159055 1.3697501
124.44362 13.5 -2.8081958 3054.0277 5.2152404 1.3707993
133.1086 1.7003133 -2.7286963 3104.2004 5.1932816 1.4540189
133.1086 4.148992 -2.7280146 3104.9717 5.1930314 1.4544378
133.1086 10.242088 -2.7261595 3106.954 5.192285 1.455688
133.1086 13.5 -2.7250757 3108.053 5.1918155 1.4564751
143.5289 1.4461212 -2.6407913 3160.9893 5.1696029 1.5515866
143.5289 3.5137387 -2.6400615 3161.8762 5.1693604 1.5520198
143.5289 8.6586325 -2.6379762 3164.1939 5.1685481 1.5534719
143.5289 13.5 -2.6356679 3166.5179 5.1675152 1.5553204
155.18371 2.2714915 -2.5501931 3225.6589 5.1480931 1.6538049
155.18371 5.5719537 -2.5483962 3227.9189 5.1475129 1.6549101
155.18371 13.5 -2.5426063 3234.0443 5.1450165 1.6596733
167.70748 1.1312671 -2.4603897 3299.03 5.1310673 1.7532762
167.70748 2.7385242 -2.4597505 3299.5733 5.1307141 1.7539893
167.70748 6.7378944 -2.4575148 3300.8662 5.129159 1.7571324
167.70748 13.5 -2.4520318 3302.8921 5.1247419 1.7660907
181.51472 1.2185066 -2.3913163 3327.4227 5.1112402 1.8661374
181.51472 2.9593591 -2.3904236 3328.0329 5.110666 1.8673713
181.51472 7.2911573 -2.3868696 3329.5054 5.1078805 1.8733695
181.51472 13.5 -2.3796754 3331.4507 5.1017009 1.8867452
200.59699 1.8296933 -2.3072639 3360.2726 5.0876665 2.0157503
200.59699 4.484034 -2.3046886 3361.0754 5.0855062 2.02077
200.59699 11.088883 -2.2947189 3362.5143 5.07628 2.0423492
200.59699 13.5 -2.2908786 3362.9077 5.0726429 2.050919
222.0868 1.1484932 -2.2259526 3389.3784 5.0655357 2.1757114
222.0868 2.7926397 -2.2240578 3389.804 5.0638591 2.1799153
222.0868 6.8838025 -2.2161605 3390.2757 5.0562034 2.1992139
222.0868 13.5 -2.2030446 3390.4379 5.0431707 2.2324607
246.5532 2.2007067 -2.1427771 3416.7813 5.0417366 2.3561059
246.5532 5.4147194 -2.1341596 3416.5047 5.0329784 2.3799832
246.5532 13.412212 -2.1156138 3415.3653 5.0138532 2.4329685
246.5532 13.5 -2.115449 3415.3556 5.0136835 2.4334439
274.48428 1.0656552 -2.0628403 3443.1335 5.0217533 2.5438405
274.48428 2.5942069 -2.0580801 3442.8112 5.0168305 2.5582987
274.48428 6.3977325 -2.0440999 3441.0749 5.001974 2.6024327
274.48428 13.5 -2.02613 3442.8072 4.9848784 2.6541614
305.75542 2.2727381 -1.9748381 3469.98 4.9941003 2.7716904
305.75542 5.6013981 -1.9574382 3471.3005 4.9773613 2.8256229
305.75542 11.576177 -1.9401092 3473.1141 4.9609396 2.8795528
305.75542 13.5 -1.936573 3473.6287 4.9576608 2.8904432
340.17218 1.0649229 -1.8940557 3500.9363 4.9750714 2.9882813
340.17218 2.5997668 -1.8865574 3501.6876 4.9679459 3.0128965
340.17218 6.4189495 -1.8659251 3503.1103 4.9480192 3.0828157
340.17218 13.5 -1.8502925 3505.116 4.9333809 3.1352104
378.80545 2.1747128 -1.7779803 3534.4014 4.9222401 3.351165
378.80545 5.3649312 -1.7704384 3535.2512 4.9151158 3.3787649
378.80545 13.303215 -1.7582448 3538.7403 4.9046359 3.4197781
378.80545 13.5 -1.7580889 3538.9042 4.9045604 3.4200753
413.979 2.1400529 -1.6956746 3576.7573 4.899191 3.5975054
413.979 5.2820659 -1.6863285 3578.4323 4.8906581 3.6330208
413.979 13.1004 -1.669537 3583.6261 4.8763862 3.6932085
413.979 13.5 -1.6687658 3583.9282 4.8757615 3.6958658
453.35693 1.5642202 -1.5979669 3634.6189 4.8688228 3.8986704
453.35693 3.838681 -1.5889925 3635.3501 4.8601978 3.9375765
453.35693 9.4982673 -1.5733585 3640.0981 4.8468312 3.9986398
453.35693 13.5 -1.563704 3644.0847 4.8390782 4.0344913
490.83765 1.3210348 -1.4965998 3705.9893 4.8357345 4.2141449
490.83765 3.2361138 -1.4879712 3706.1729 4.8271919 4.2557955
490.83765 8.0014433 -1.4721862 3712.0531 4.8141609 4.3201246
490.83765 13.5 -1.4555298 3720.6222 4.8015101 4.3835066
