# mass_Mjup age_Gyr logL_Lsun Teff_K logg_cgs radius_Rjup
62.853931 1.0305924 -4.2758331 1573.8966 5.2346504 0.95268383
62.853931 1.4982571 -4.4346638 1459.1095 5.2619278 0.92323036
62.853931 2.5955254 -4.6180136 1345.9885 5.3050915 0.87847261
62.853931 4.9005511 -4.8515985 1211.8433 5.3562969 0.82818155
62.853931 7.3866425 -5.0455623 1104.0852 5.3884852 0.79805239
65.163404 1.0795195 -4.2336717 1617.672 5.2558175 0.94667504
65.163404 1.5024442 -4.4119094 1479.5342 5.2789933 0.92174969
65.163404 2.3945059 -4.5417059 1400.5313 5.3134611 0.88588862
65.163404 4.4865334 -4.7729369 1261.0444 5.3624423 0.83731425
65.163404 8.392138 -5.0310367 1119.7226 5.4140623 0.78900272
65.163404 8.9684235 -5.066593 1100.4175 5.4194068 0.78416282
67.865345 1.04415 -4.1009522 1744.1319 5.2714978 0.94881803
67.865345 1.3781208 -4.3129055 1562.6669 5.2925994 0.92604504
67.865345 1.9864263 -4.4474651 1465.3915 5.3155079 0.90194042
67.865345 3.4342619 -4.6063062 1367.3702 5.3540788 0.86276476
67.865345 6.9493943 -4.8485911 1228.2767 5.4100041 0.80896501
67.865345 11.236767 -5.0772263 1103.7526 5.4529415 0.76994743
69.759514 1.0810848 -4.027002 1822.3272 5.285691 0.94637655
69.759514 1.431476 -4.2645733 1609.2903 5.3072944 0.92312877
69.759514 2.0542337 -4.4277667 1482.442 5.3278611 0.90152748
69.759514 3.4059721 -4.5474275 1409.2181 5.359524 0.86925564
69.759514 6.7588911 -4.7752639 1272.1362 5.4095819 0.82057551
69.759514 13.322905 -5.0763609 1110.7289 5.4749767 0.76106391
69.759514 13.5 -5.0905178 1102.5063 5.4762258 0.75997029
70.404514 1.1870555 -4.078923 1776.6986 5.2975587 0.93783985
70.404514 1.6146079 -4.3131607 1571.4468 5.3185401 0.91545711
70.404514 2.4121743 -4.4494309 1470.9674 5.3400237 0.89309195
70.404514 4.3197725 -4.59688 1379.9956 5.3765715 0.85629278
70.404514 8.9180972 -4.8384779 1240.8806 5.4335785 0.80189734
70.404514 13.5 -5.0411086 1132.1452 5.4768977 0.76288516
71.709938 1.3898944 -4.1826453 1684.0641 5.3162392 0.92635581
71.709938 1.9033931 -4.3497085 1545.9173 5.334613 0.90696588
71.709938 3.1811422 -4.4751191 1458.6879 5.3591282 0.88172543
71.709938 6.3605908 -4.6532782 1348.5911 5.4009588 0.84026839
71.709938 9.7456384 -4.7965195 1265.8953 5.4342701 0.80865336
71.709938 13.5 -4.9238054 1202.2271 5.4719109 0.77435836
72.822801 1.0714909 -3.9262778 1923.3757 5.2973818 0.95400476
72.822801 1.57167 -4.2071457 1667.339 5.3300888 0.91874936
72.822801 2.294608 -4.3821077 1523.5353 5.3483653 0.89961943
72.822801 4.0935091 -4.4855344 1455.2145 5.3720899 0.87537974
72.822801 7.322447 -4.6169342 1373.8204 5.4035015 0.84428823
72.822801 10.67021 -4.7397483 1299.1788 5.4292715 0.8196071
72.822801 13.5 -4.8182665 1257.6655 5.4513746 0.79901362
73.329586 1.420047 -4.0615438 1805.8693 5.3261484 0.92613263
73.329586 2.3373252 -4.3575228 1544.8927 5.3509755 0.90003553
73.329586 4.0525961 -4.4637082 1469.8148 5.3706181 0.8799102
73.329586 7.7260807 -4.5859664 1394.3222 5.4012783 0.84939211
73.329586 10.918207 -4.6845558 1333.6976 5.4226447 0.82875288
73.329586 13.5 -4.7587824 1289.7713 5.4386926 0.81358155
73.965876 1.2725317 -3.9767911 1883.5003 5.3182654 0.93862213
73.965876 1.8918866 -4.2391738 1644.5632 5.3449875 0.91018506
73.965876 2.8697515 -4.3927761 1518.852 5.3604495 0.89412604
73.965876 5.3029921 -4.4722989 1466.1964 5.378679 0.87555613
73.965876 8.9675649 -4.556008 1414.5511 5.4000941 0.8542332
73.965876 12.159625 -4.6256079 1371.3631 5.4158292 0.83889745
73.965876 13.5 -4.6545056 1353.5885 5.4220638 0.8328975
74.576069 1.3589989 -3.9871975 1876.5891 5.3258539 0.93428755
74.576069 2.1646916 -4.2609548 1628.5663 5.3533562 0.90516846
74.576069 3.7741716 -4.4130804 1504.9248 5.3683192 0.88970884
74.576069 7.2210905 -4.46629 1471.4111 5.3824056 0.87539629
74.576069 10.794856 -4.5093413 1445.1756 5.3942035 0.86358639
74.576069 13.5 -4.5414403 1425.2253 5.4021539 0.85571778
75.115751 1.3637122 -3.9681959 1895.658 5.3275469 0.93583613
75.115751 2.1684918 -4.2383675 1649.0306 5.3555935 0.90610088
75.115751 3.5628276 -4.3694875 1540.9905 5.3689984 0.89222433
75.115751 7.0323812 -4.4273319 1496.5846 5.3760482 0.88501208
75.115751 10.59821 -4.4557841 1488.4638 5.3950483 0.86586289
75.115751 13.5 -4.4939118 1464.3545 5.4048079 0.85618843
75.840855 1.4002741 -3.9533887 1911.3756 5.3312562 0.93633511
75.840855 2.3694297 -4.2269654 1660.8947 5.3608171 0.90500469
75.840855 4.3071008 -4.3419229 1565.7043 5.3732452 0.8921477
75.840855 7.7851239 -4.373362 1540.2061 5.3761607 0.88915819
75.840855 11.391138 -4.376123 1538.0304 5.376466 0.88884577
75.840855 13.5 -4.3762055 1537.9822 5.376494 0.88881705
76.178349 1.4938194 -3.9677186 1900.1913 5.3373196 0.93188811
76.178349 2.6815661 -4.2395582 1651.5161 5.3655012 0.90213797
76.178349 5.3626922 -4.3330279 1574.1343 5.3756066 0.89170302
76.178349 8.7551017 -4.3466674 1562.9193 5.3768253 0.89045282
76.178349 12.272352 -4.3474287 1562.3272 5.3769283 0.89034725
76.178349 13.5 -4.3473676 1562.3882 5.3769351 0.89034027
77.007287 1.916735 -4.0343292 1843.6304 5.3561365 0.91686506
77.007287 3.5639228 -4.2361597 1657.0144 5.3725768 0.89967428
77.007287 7.0162904 -4.2736302 1625.9531 5.3771742 0.89492492
77.007287 10.595705 -4.2774602 1622.8262 5.3776601 0.89442436
77.007287 13.5 -4.2775359 1622.7942 5.3777016 0.89438162
77.90629 1.7207662 -3.9516182 1920.5147 5.3494414 0.92933723
77.90629 3.563425 -4.1907697 1698.0225 5.374696 0.90270536
77.90629 7.49854 -4.2002408 1690.065 5.3760071 0.90134386
77.90629 10.918014 -4.2005502 1689.8474 5.3760928 0.90125486
77.90629 13.5 -4.2002856 1690.1036 5.3760916 0.90125612
78.784443 1.0055815 -3.7272575 2121.6932 5.3030084 0.9858794
78.784443 2.0156999 -3.9601381 1916.2691 5.3589847 0.92434831
78.784443 4.5291978 -4.1375619 1752.9052 5.3816162 0.90057507
78.784443 7.7095086 -4.1407697 1749.7858 5.3817298 0.90045725
78.784443 11.006855 -4.1404025 1750.2052 5.3817789 0.90040637
78.784443 13.5 -4.1401244 1750.5228 5.381816 0.90036787
79.070043 1.8452181 -3.9226779 1949.9643 5.3533766 0.93202049
79.070043 4.0152355 -4.0896631 1801.8039 5.3830852 0.90068128
79.070043 7.2833818 -4.1222845 1769.2382 5.3840218 0.89971068
79.070043 10.671796 -4.1218965 1769.6871 5.3840745 0.89965603
79.070043 13.5 -4.1215696 1770.065 5.3841186 0.89961042
79.746576 1.8550144 -3.8919516 1979.3338 5.3523198 0.9371387
79.746576 4.4310017 -4.0477368 1841.4374 5.3826567 0.90497263
79.746576 7.6903799 -4.0720304 1819.816 5.3864324 0.90104726
79.746576 11.069703 -4.0737147 1818.38 5.3867454 0.90072267
79.746576 13.5 -4.0735004 1818.6137 5.3867544 0.90071335
80.759059 1.4136769 -3.7773998 2084.4462 5.333134 0.96413184
80.759059 3.4128934 -3.9486709 1933.2191 5.3735666 0.92028023
80.759059 7.0013875 -3.9900973 1897.0507 5.3821843 0.91119479
80.759059 10.721938 -3.9928837 1894.608 5.3827325 0.91061988
80.759059 12.716783 -3.9926944 1894.8205 5.3827381 0.9106141
80.759059 13.5 -3.9925699 1894.9502 5.3827325 0.91061991
81.922428 1.2407868 -3.7026729 2154.7448 5.3222393 0.98330794
81.922428 2.9805352 -3.8657318 2010.1343 5.364615 0.93648687
81.922428 6.1032971 -3.9016216 1978.5139 5.372961 0.92753158
81.922428 9.3409766 -3.904036 1976.4738 5.3735832 0.92686734
81.922428 12.697803 -3.9035825 1976.9582 5.3735553 0.92689706
81.922428 13.5 -3.9034241 1977.1179 5.3735373 0.92691632
83.227445 2.1236128 -3.7605988 2108.0627 5.3489796 0.96106168
83.227445 5.1746661 -3.8143471 2060.3793 5.3629826 0.94569214
83.227445 8.4230157 -3.8168261 2058.2783 5.3636891 0.94492314
83.227445 11.790905 -3.8162546 2058.8919 5.3636354 0.94498156
83.227445 13.5 -3.815888 2059.2714 5.363589 0.94503205
84.678786 2.03117 -3.6922546 2173.6083 5.3413345 0.97797517
84.678786 4.9421579 -3.7313103 2139.2283 5.3526935 0.96526891
84.678786 8.62541 -3.7322212 2138.5601 5.3530618 0.96485975
84.678786 11.838689 -3.7315386 2139.2892 5.3529713 0.96496027
84.678786 13.5 -3.7311658 2139.6838 5.352919 0.96501843
86.391846 2.026826 -3.6228414 2240.7094 5.3334364 0.99684118
86.391846 4.9291293 -3.6464072 2220.0285 5.3408943 0.98831872
86.391846 12.150988 -3.6453827 2221.2743 5.3408443 0.98837559
86.391846 13.5 -3.6450728 2221.6121 5.3407986 0.9884276
88.376576 1.4370032 -3.5239442 2333.858 5.3151592 1.029667
88.376576 3.4597518 -3.5606917 2301.782 5.3278657 1.0147136
88.376576 8.4929976 -3.560939 2301.85 5.3281644 1.0143648
88.376576 13.5 -3.5597677 2303.1676 5.3279872 1.0145717
90.69438 1.8785227 -3.467982 2389.9579 5.3117034 1.04724
90.69438 4.5567066 -3.4764486 2382.9484 5.3150676 1.0431918
90.69438 7.9453934 -3.4757525 2383.7685 5.3149694 1.0433098
90.69438 11.458784 -3.4749295 2384.7054 5.3148289 1.0434785
90.69438 13.5 -3.474451 2385.25 5.3147471 1.0435768
93.321899 1.5789472 -3.3859179 2467.5688 5.2975587 1.0797425
93.321899 3.8111644 -3.3944929 2460.7703 5.3013409 1.0750512
93.321899 7.1729865 -3.3938063 2461.5966 5.3012375 1.075179
93.321899 10.658524 -3.3929931 2462.536 5.3010871 1.0753653
93.321899 13.5 -3.3923299 2463.302 5.3009642 1.0755174
96.521262 1.3160806 -3.3007713 2546.9695 5.2820694 1.1178526
96.521262 3.1583293 -3.3096861 2540.0692 5.2862714 1.1124579
96.521262 7.7424336 -3.3086872 2541.3071 5.2861189 1.1126532
96.521262 13.5 -3.3073097 2542.9602 5.285871 1.1129708
100.28432 1.9638842 -3.2240082 2618.7825 5.2702191 1.1550872
100.28432 4.773366 -3.2239794 2619.1206 5.2704145 1.1548272
100.28432 11.764256 -3.2222919 2621.1641 5.2700819 1.1552696
100.28432 13.5 -3.2218722 2621.6722 5.2699989 1.15538
104.55821 1.1847927 -3.1379384 2694.1965 5.2515937 1.2050081
104.55821 2.8379737 -3.1414081 2692.0342 5.2536686 1.202133
104.55821 6.951617 -3.1404099 2693.2609 5.2534618 1.2024192
104.55821 13.5 -3.1387851 2695.2397 5.2531129 1.2029024
109.62455 2.0092272 -3.0580136 2761.5881 5.2351372 1.2574568
109.62455 4.8952594 -3.057391 2762.386 5.2350164 1.2576318
109.62455 12.076631 -3.0556317 2764.4971 5.2345842 1.2582577
109.62455 13.5 -3.0552813 2764.9167 5.2344974 1.2583834
115.64116 1.1868158 -2.9737989 2827.2367 5.2149401 1.3218858
115.64116 2.8558182 -2.9742706 2827.2689 5.2154316 1.3211381
115.64116 7.0088301 -2.9732217 2828.5517 5.2151707 1.3215348
115.64116 13.5 -2.9715545 2830.5771 5.214747 1.3221797
122.66977 1.7809315 -2.8909812 2889.0336 5.1953093 1.3925856
122.66977 4.3380665 -2.8903477 2889.819 5.1951479 1.3928443
122.66977 10.701037 -2.888676 2891.7991 5.1946661 1.3936172
122.66977 13.5 -2.8879267 2892.6672 5.1944382 1.3939829
131.02635 1.5099248 -2.8091895 2941.5031 5.1734056 1.4759931
131.02635 3.6597029 -2.808655 2942.16 5.1732589 1.4762423
131.02635 9.0090388 -2.8071681 2943.8656 5.1727788 1.4770585
131.02635 13.5 -2.8058389 2945.3407 5.1723198 1.4778392
141.20642 1.5599663 -2.7180474 3003.6518 5.1510802 1.5721532
141.20642 3.7803255 -2.7173441 3004.5124 5.1508746 1.5725254
141.20642 9.3052897 -2.7153916 3006.7526 5.150217 1.5737166
141.20642 13.5 -2.7137302 3008.5418 5.1495889 1.5748549
152.25864 1.3155932 -2.6283047 3069.5808 5.1317831 1.6691955
152.25864 3.1791608 -2.6275898 3070.5186 5.1315988 1.6695497
152.25864 7.8163131 -2.6255427 3072.8892 5.1308923 1.6709082
152.25864 13.5 -2.6225793 3075.8161 5.1295828 1.6734291
164.38385 1.998003 -2.5411079 3135.7353 5.1149048 1.7684181
164.38385 4.8812948 -2.5401069 3136.4542 5.1143019 1.7696459
164.38385 12.055847 -2.5365116 3138.2111 5.1116795 1.7749969
164.38385 13.5 -2.5356157 3138.5667 5.1109803 1.7764262
178.31061 2.2377842 -2.4699343 3164.2518 5.0947757 1.8849876
178.31061 5.4822391 -2.468374 3165.1567 5.0937121 1.8872972
178.31061 13.5 -2.4622932 3167.1742 5.0887383 1.8981355
197.30446 1.0544275 -2.3857625 3195.4584 5.0716122 2.036433
197.30446 2.5425838 -2.3850797 3195.8612 5.0711483 2.0375209
197.30446 6.2455927 -2.3822221 3196.6836 5.0687377 2.0431835
197.30446 13.5 -2.3739289 3197.7092 5.0610018 2.061462
218.7994 1.5205679 -2.3028287 3223.6148 5.0488275 2.2014918
218.7994 3.7071685 -2.3008844 3224.0136 5.0470981 2.2058795
218.7994 9.1481306 -2.2929582 3224.2287 5.0392878 2.2258041
218.7994 13.5 -2.2861341 3224.0742 5.0323804 2.2435751
243.28255 1.7416852 -2.2199744 3250.3782 5.0264011 2.3821149
243.28255 4.2618471 -2.2159114 3250.3301 5.0223124 2.3933546
243.28255 10.532817 -2.2029798 3249.0101 5.0086751 2.431228
243.28255 13.5 -2.1977111 3248.3952 5.0030776 2.4469464
270.97122 1.1444491 -2.1382303 3276.4348 5.0053396 2.5757253
270.97122 2.7803636 -2.1348557 3276.1368 5.0018071 2.5862219
270.97122 6.8510423 -2.1222193 3276.8167 4.9895311 2.6230332
270.97122 13.5 -2.1063807 3278.283 4.9744698 2.6689133
301.28827 1.1406991 -2.0564905 3305.5555 4.9850306 2.7802483
301.28827 2.7753835 -2.0502415 3306.0305 4.9790312 2.7995181
301.28827 6.8430013 -2.0337247 3306.8915 4.9629668 2.8517764
301.28827 13.5 -2.0176354 3308.1406 4.9475336 2.9029
335.45014 1.1301722 -1.9735543 3336.2869 4.9648159 3.0027128
335.45014 2.7533714 -1.9639094 3336.6431 4.9553565 3.0355926
335.45014 6.7924104 -1.9447637 3337.3546 4.9365812 3.1019241
335.45014 13.5 -1.9294394 3338.657 4.9219347 3.1546735
373.81018 2.3454723 -1.8748444 3370.699 4.9309555 3.2957599
373.81018 5.7820823 -1.8537603 3369.7807 4.9093981 3.3785806
373.81018 10.957776 -1.8482811 3371.5489 4.9048302 3.3963955
373.81018 13.5 -1.8434613 3372.1841 4.9003376 3.4140079
410.39677 2.0475397 -1.7756296 3406.3681 4.8905799 3.6175935
410.39677 5.039417 -1.7673292 3407.0332 4.8826187 3.6509037
410.39677 12.484165 -1.7531793 3410.0009 4.8699813 3.7044105
410.39677 13.5 -1.751563 3410.4507 4.8685941 3.7103312
447.15908 2.2536735 -1.6887442 3452.3786 4.8642601 3.8923221
447.15908 5.5546878 -1.6784 3453.4273 4.8544434 3.9365619
447.15908 13.154473 -1.6622488 3458.2027 4.8406928 3.9993777
447.15908 13.5 -1.6615724 3458.449 4.8401401 4.0019234
488.01037 1.4645803 -1.5894135 3517.8798 4.8355467 4.2028989
488.01037 3.5874982 -1.5809396 3517.5881 4.8269287 4.2448068
488.01037 8.8699974 -1.5664066 3521.6118 4.8143817 4.3065694
488.01037 13.5 -1.555147 3526.1955 4.8053817 4.3514244
526.39528 1.3220644 -1.4886471 3594.1894 4.8049431 4.5216009
526.39528 3.2367936 -1.4806574 3593.3623 4.7965536 4.5654856
526.39528 8.0012525 -1.4652296 3599.362 4.7840238 4.6318218
526.39528 13.5 -1.4487561 3608.1293 4.7717765 4.6975942
562.4744 1.0922857 -1.3909298 3682.3275 4.7781023 4.8206767
562.4744 2.6620818 -1.3838143 3680.8813 4.7703044 4.8641497
562.4744 6.5682367 -1.3689491 3687.303 4.7584673 4.9308922
562.4744 12.12225 -1.3490478 3699.2539 4.7441872 5.0126288
562.4744 13.5 -1.3441002 3702.4691 4.7407489 5.032511
596.94846 1.2629919 -1.2948234 3775.4645 4.7512219 5.1223025
596.94846 3.0784152 -1.2862459 3776.3093 4.7430331 5.1708227
596.94846 7.2903649 -1.2682625 3786.1834 4.729586 5.2514978
596.94846 11.730079 -1.2497022 3798.3237 4.7165871 5.3306806
596.94846 13.5 -1.2421788 3803.5919 4.7114714 5.362169
