# mass_Mjup age_Gyr logL_Lsun Teff_K logg_cgs radius_Rjup
62.853931 1.2082346 -4.3868559 1495.876 5.2573509 0.9281081
62.853931 1.8116745 -4.5117168 1415.9779 5.2868552 0.89711143
62.853931 3.3132262 -4.7295721 1282.5692 5.3328078 0.85088345
62.853931 6.428989 -4.9695006 1151.4338 5.3853691 0.80092058
62.853931 11.354588 -5.275721 989.87205 5.4289498 0.76172652
62.853931 13.5 -5.3857395 934.94792 5.4398017 0.75226893
64.978874 1.0686098 -4.2389008 1622.4567 5.2649456 0.93545106
64.978874 1.5038525 -4.4242893 1478.2563 5.2886405 0.91027708
64.978874 2.5186888 -4.5897397 1372.9443 5.3257036 0.87225217
64.978874 4.8844954 -4.828989 1231.6179 5.3762452 0.82294587
64.978874 9.6533376 -5.0785642 1102.2463 5.4330311 0.77086496
64.978874 13.5 -5.3184724 973.6536 5.4574426 0.74950162
67.305728 1.0777808 -4.1235819 1734.9545 5.2813664 0.93422306
67.305728 1.4056793 -4.3605946 1530.9079 5.301023 0.91331852
67.305728 2.0955036 -4.4869349 1444.9924 5.3270293 0.88637838
67.305728 3.8120072 -4.6883446 1318.6776 5.3695312 0.84405002
67.305728 7.5627179 -4.9321701 1182.2982 5.4237103 0.79300998
67.305728 13.5 -5.2213485 1030.6857 5.4744856 0.74798169
69.433336 1.0830999 -4.0543259 1804.5192 5.2939201 0.93525871
69.433336 1.5295369 -4.3417045 1552.9044 5.3204315 0.90714359
69.433336 2.3084062 -4.4751345 1458.526 5.3449393 0.88190568
69.433336 4.2464822 -4.6653385 1338.2545 5.3856415 0.84153281
69.433336 8.7740986 -4.9255525 1191.2333 5.443688 0.78713236
69.433336 13.5 -5.102128 1102.6649 5.4860503 0.74966398
71.217935 1.1340324 -4.0239125 1838.5303 5.3069652 0.93308211
71.217935 1.6277721 -4.3163444 1579.0346 5.3350805 0.90336283
71.217935 2.3683708 -4.4477136 1480.8876 5.3549714 0.88291065
71.217935 4.2112174 -4.6012226 1382.527 5.3890866 0.84890513
71.217935 8.6747473 -4.8484401 1237.1807 5.4433422 0.79750125
71.217935 13.5 -5.0310053 1143.1887 5.4886464 0.75697103
72.745339 1.2345299 -4.0215738 1846.5022 5.3213584 0.92753679
72.745339 1.7899308 -4.3088677 1590.0432 5.3488887 0.8985992
72.745339 2.3678276 -4.4166031 1505.7053 5.3619482 0.88518947
72.745339 3.80582 -4.5156876 1441.0991 5.3848483 0.86215668
72.745339 7.384005 -4.7053264 1322.0321 5.4246797 0.8235131
72.745339 11.193573 -4.8565474 1236.8667 5.4602243 0.79049337
72.745339 13.5 -4.9424947 1191.6633 5.4814942 0.77137088
73.329586 1.2369875 -4.0015077 1866.8144 5.3237715 0.92867043
73.329586 1.8263858 -4.2928558 1605.3924 5.3530399 0.89789893
73.329586 2.464462 -4.4062652 1515.3967 5.3662299 0.88436683
73.329586 4.0521996 -4.5060971 1448.9029 5.3881137 0.86236389
73.329586 7.4525542 -4.6651621 1348.1799 5.4220128 0.82935596
73.329586 11.548743 -4.8207783 1257.6851 5.4569253 0.79668148
73.329586 13.5 -4.8927543 1219.1129 5.4747894 0.78046371
74.085725 1.2021965 -3.956821 1910.1023 5.3233622 0.93388621
74.085725 1.8477837 -4.2168273 1677.1758 5.3574563 0.8979391
74.085725 2.5203399 -4.380981 1537.1949 5.3702114 0.88484936
74.085725 4.0920762 -4.4756061 1470.7108 5.3880298 0.8668823
74.085725 7.4581618 -4.6039726 1388.1145 5.4159884 0.83942296
74.085725 10.948119 -4.7209486 1315.814 5.4400412 0.81649667
74.085725 13.5 -4.7967805 1272.3554 5.457529 0.80022211
74.504179 1.0743037 -3.8862666 1974.7905 5.3131115 0.94763776
74.504179 1.7336541 -4.1446354 1743.4804 5.3550644 0.9029545
74.504179 2.5754135 -4.3683933 1548.2839 5.3725564 0.88495234
74.504179 4.2583762 -4.4643406 1479.0154 5.3889921 0.86836446
74.504179 7.8626683 -4.5790182 1404.9449 5.4144161 0.84331542
74.504179 10.994669 -4.6668165 1350.0422 5.4329667 0.82549558
74.504179 13.5 -4.7374134 1306.9029 5.4471474 0.81212784
75.058886 1.3163319 -3.9695321 1902.3736 5.3346976 0.92781214
75.058886 2.047493 -4.2184455 1679.2167 5.3668547 0.89409048
75.058886 2.8592315 -4.3711704 1547.8429 5.3780601 0.88263018
75.058886 4.7660753 -4.4552 1486.281 5.391586 0.86899208
75.058886 8.1887651 -4.532692 1436.0989 5.4094116 0.85133996
75.058886 11.73741 -4.6039838 1390.5535 5.4247168 0.8364701
75.058886 13.5 -4.6381095 1369.2488 5.4320212 0.82946532
75.209037 1.3260159 -3.9682503 1904.0739 5.3358356 0.92752367
75.209037 2.1557167 -4.2497571 1650.8448 5.3694323 0.89233234
75.209037 3.0546026 -4.377667 1543.2511 5.3802635 0.88127411
75.209037 5.1661721 -4.4564242 1485.8908 5.3932218 0.86822418
75.209037 8.3462934 -4.5198747 1444.7912 5.4079452 0.85363104
75.209037 11.643443 -4.578689 1406.9702 5.4206788 0.841208
75.209037 13.5 -4.6103449 1386.9393 5.4274248 0.83469993
75.749837 1.3647747 -3.9620318 1911.6336 5.3396122 0.92681383
75.749837 2.2464746 -4.2223057 1678.1123 5.3735516 0.89129781
75.749837 3.4998547 -4.3747725 1547.1678 5.384884 0.87974466
75.749837 6.4223063 -4.4450675 1494.5105 5.3950252 0.8695329
75.749837 10.120063 -4.4794754 1472.5351 5.4036998 0.86089214
75.749837 13.345996 -4.5077101 1454.1564 5.4101164 0.85455577
75.749837 13.5 -4.5090108 1453.3069 5.4104019 0.85427496
76.283518 1.5015653 -3.9865794 1891.4382 5.3487589 0.92033018
76.283518 2.4937236 -4.2434446 1660.4298 5.3793375 0.88849375
76.283518 3.9227279 -4.3606822 1559.8498 5.3880242 0.87965228
76.283518 7.2546747 -4.4110623 1520.8322 5.3943984 0.87322057
76.283518 10.802082 -4.4250628 1510.2171 5.3962311 0.87137995
76.283518 13.5 -4.4283227 1507.7808 5.3966863 0.87092343
76.94493 1.3031103 -3.8978036 1973.6034 5.3376032 0.93625936
76.94493 2.2769987 -4.1413629 1754.9211 5.3771534 0.89458385
76.94493 3.6127358 -4.3179538 1595.9645 5.3888068 0.88266185
76.94493 6.1559336 -4.3473846 1572.394 5.3923902 0.87902789
76.94493 9.3738236 -4.356042 1565.5766 5.3934994 0.87790612
76.94493 12.710132 -4.3578059 1564.2142 5.3937508 0.87765203
76.94493 13.5 -4.357899 1564.1474 5.3937699 0.87763281
77.849552 1.1278528 -3.8081658 2057.11 5.325032 0.95547607
77.849552 2.1121833 -4.0566598 1833.8457 5.3739471 0.90315495
77.849552 4.2579282 -4.2650797 1645.9772 5.3946112 0.88192211
77.849552 7.4895192 -4.280928 1631.5601 5.3951766 0.88134825
77.849552 10.840033 -4.2806893 1631.8137 5.3952079 0.88131649
77.849552 13.5 -4.2804497 1632.0605 5.395231 0.881293
78.660226 1.2801738 -3.8307403 2039.8894 5.3375021 0.94674782
78.660226 2.5125875 -4.0650927 1829.1831 5.3824567 0.89899448
78.660226 5.5792272 -4.2103449 1699.7714 5.4002422 0.88077353
78.660226 8.844171 -4.2243994 1686.576 5.4007583 0.88025033
78.660226 12.229265 -4.2240958 1686.9051 5.4007937 0.88021449
78.660226 13.5 -4.2239691 1687.0407 5.4008066 0.88020147
79.417583 1.3066322 -3.8126147 2058.7902 5.3395599 0.94904362
79.417583 2.9333648 -4.0538714 1841.8384 5.3873742 0.8982123
79.417583 6.4172324 -4.1537516 1752.2705 5.400653 0.88458505
79.417583 10.029306 -4.1613232 1745.5612 5.4015603 0.88366153
79.417583 13.16807 -4.1614048 1745.5334 5.4016142 0.88360673
79.417583 13.5 -4.16137 1745.5691 5.401615 0.88360591
80.374602 1.1526172 -3.7372349 2129.634 5.3281538 0.96736487
80.374602 2.6656264 -3.9695876 1921.3023 5.3816693 0.90956246
80.374602 5.90594 -4.0682947 1832.2527 5.3979351 0.89268787
80.374602 9.2654971 -4.0786816 1823.0163 5.3995428 0.8910371
80.374602 12.748686 -4.079187 1822.625 5.3996753 0.89090124
80.374602 13.5 -4.0791037 1822.7126 5.3996755 0.89090104
81.516715 1.1662551 -3.7056645 2162.0001 5.3289142 0.97336116
81.516715 2.7336867 -3.9054315 1983.0248 5.3785709 0.91927548
81.516715 6.0905532 -3.975763 1919.7149 5.3925367 0.90461282
81.516715 9.5709524 -3.9819034 1914.2663 5.3937397 0.90336088
81.516715 13.5 -3.9817182 1914.5185 5.3937832 0.90331558
82.689106 1.6688342 -3.7570053 2120.0365 5.3524071 0.95417576
82.689106 4.0492178 -3.8717174 2017.2728 5.3808043 0.92348485
82.689106 7.6341854 -3.8884639 2002.4144 5.3847081 0.9193436
82.689106 11.35108 -3.8888788 2002.1418 5.3848866 0.91915475
82.689106 13.5 -3.8884594 2002.5726 5.3848409 0.91920311
83.945423 1.6432985 -3.7039441 2172.057 5.3480061 0.9662805
83.945423 3.9834258 -3.7920084 2092.9201 5.3715962 0.94039043
83.945423 7.5077656 -3.8009292 2085.0485 5.373971 0.93782283
83.945423 11.161801 -3.8005343 2085.52 5.3739689 0.93782512
83.945423 13.5 -3.7999997 2086.0742 5.3738959 0.93790389
85.365639 1.5624276 -3.6415115 2233.0142 5.3409406 0.98237889
85.365639 3.7791943 -3.7104688 2171.165 5.3611033 0.95983739
85.365639 7.1177475 -3.7154027 2166.8629 5.3625916 0.95819412
85.365639 10.579159 -3.7147518 2167.5854 5.3625199 0.95827329
85.365639 13.5 -3.7140507 2168.3318 5.3624169 0.95838691
87.018032 1.0572176 -3.5203071 2346.4646 5.3141525 1.022907
87.018032 2.5202791 -3.6185507 2259.2498 5.3465971 0.98540294
87.018032 5.653623 -3.6300831 2249.11 5.3503152 0.98119382
87.018032 9.428161 -3.6294326 2249.8739 5.3502546 0.98126225
87.018032 13.5 -3.6284366 2250.9612 5.350098 0.98143919
88.92175 1.7731191 -3.5261331 2348.0878 5.3305786 1.0146645
88.92175 4.2999443 -3.5460616 2330.4642 5.3374194 1.0067046
88.92175 10.587494 -3.5449503 2331.8301 5.337326 1.0068129
88.92175 13.5 -3.5442232 2332.6531 5.337212 1.0069451
91.152936 1.9263263 -3.4543443 2418.9325 5.3211901 1.0384798
91.152936 4.6806687 -3.4619948 2412.4676 5.3241915 1.0348976
91.152936 8.1657183 -3.4612042 2413.4032 5.3240745 1.0350369
91.152936 13.5 -3.4598678 2414.9456 5.323848 1.0353069
93.792353 2.2614074 -3.3768222 2493.6288 5.3088969 1.0684225
93.792353 5.5142632 -3.3778831 2493.0228 5.3095356 1.0676372
93.792353 8.9774648 -3.3770403 2493.9998 5.3093735 1.0678365
93.792353 13.244742 -3.3759948 2495.209 5.3091701 1.0680866
93.792353 13.5 -3.3759323 2495.2813 5.3091579 1.0681016
96.85916 1.1955815 -3.2825005 2581.8518 5.2889466 1.1109764
96.85916 2.8625707 -3.2949665 2572.0006 5.2947716 1.1035508
96.85916 7.0105732 -3.2941069 2573.1088 5.2946604 1.1036921
96.85916 13.5 -3.2924779 2575.0726 5.2943567 1.1040781
100.48231 1.5077435 -3.2095057 2651.0835 5.277869 1.1460883
100.48231 3.6418636 -3.2114365 2649.8642 5.2790007 1.144596
100.48231 8.9522375 -3.2101012 2651.5064 5.2787416 1.1449374
100.48231 13.5 -3.2089484 2652.9203 5.2785149 1.1452363
104.79136 1.3659451 -3.1255236 2726.4305 5.2608069 1.1936227
104.79136 3.2917797 -3.1268441 2725.7729 5.2617084 1.1923845
104.79136 8.0838725 -3.1256226 2727.2758 5.2614444 1.1927469
104.79136 13.5 -3.1242316 2728.983 5.2611404 1.1931644
109.87777 1.7650786 -3.042278 2797.5144 5.2428573 1.2477686
109.87777 4.290248 -3.0418042 2798.1975 5.2428076 1.24784
109.87777 10.573677 -3.0401964 2800.1597 5.2424175 1.2484005
109.87777 13.5 -3.039448 2801.0665 5.2422316 1.2486677
115.75204 1.4063029 -2.9601441 2862.4305 5.2231926 1.3100135
115.75204 3.4043871 -2.9599187 2862.9063 5.223256 1.3099179
115.75204 8.3762601 -2.958626 2864.4919 5.2229252 1.3104169
115.75204 13.5 -2.9572718 2866.1451 5.2225732 1.310948
122.90042 1.4610664 -2.8749059 2926.7108 5.2025586 1.3823091
122.90042 3.5454644 -2.8744383 2927.3593 5.2024759 1.3824406
122.90042 8.7321137 -2.8730152 2929.1034 5.2020874 1.3830591
122.90042 13.5 -2.8716656 2930.7316 5.2017032 1.383671
131.25072 1.1322249 -2.7921254 2981.5395 5.1805695 1.4651223
131.25072 2.7239027 -2.791921 2981.9556 5.1806075 1.4650581
131.25072 6.6845065 -2.7908439 2983.1901 5.1802495 1.4656622
131.25072 13.5 -2.7888452 2985.3976 5.1795358 1.466867
141.33315 1.4475032 -2.7030318 3041.3721 5.1581342 1.5601369
141.33315 3.5037777 -2.702377 3042.1831 5.1579425 1.5604811
141.33315 8.6204467 -2.700555 3044.2863 5.1573212 1.5615978
141.33315 13.5 -2.6985952 3046.3937 5.1565635 1.5629607
152.50482 1.7022752 -2.6126258 3107.3145 5.1380303 1.6585722
152.50482 4.1444268 -2.6115537 3108.733 5.1377511 1.6591055
152.50482 10.221281 -2.6083442 3112.5257 5.1366596 1.6611917
152.50482 13.5 -2.6063227 3114.656 5.1358267 1.6627854
164.61207 1.4971905 -2.5228747 3179.8942 5.1215672 1.7561234
164.61207 3.6385661 -2.5221272 3180.5116 5.1211569 1.756953
164.61207 8.9669941 -2.5195994 3181.9618 5.1194211 1.7604678
164.61207 13.5 -2.5167849 3183.1029 5.1172294 1.7649155
178.08977 1.3064674 -2.4538769 3207.8903 5.101974 1.8682727
178.08977 3.1681107 -2.4531207 3208.4571 5.1015247 1.8692393
178.08977 7.800475 -2.4502819 3209.8054 5.0994158 1.8737833
178.08977 13.5 -2.4453713 3211.3201 5.0953247 1.8826296
196.96248 1.6263033 -2.3690258 3240.4731 5.0784231 2.0187753
196.96248 3.9683946 -2.3675329 3241.1158 5.0772747 2.0214461
196.96248 9.7962673 -2.3613561 3242.3085 5.0717371 2.0343749
196.96248 13.5 -2.3566324 3242.841 5.0672986 2.0447971
218.23016 1.5308316 -2.2863906 3269.5459 5.0558353 2.1809592
218.23016 3.7355061 -2.2842571 3269.9964 5.0539411 2.1857205
218.23016 9.2214418 -2.2757193 3270.3244 5.0455775 2.2068683
218.23016 13.5 -2.2687219 3270.2704 5.0385515 2.2247921
242.42261 2.1283077 -2.2031675 3297.3613 5.0329869 2.3599397
242.42261 5.2266583 -2.1971973 3297.1793 5.0269208 2.3764788
242.42261 12.936346 -2.1813544 3295.6962 5.0102963 2.4224017
242.42261 13.5 -2.1803589 3295.5963 5.0092482 2.4253267
269.80109 1.2361253 -2.122263 3323.5593 5.0123006 2.5496428
269.80109 3.011607 -2.118101 3323.1962 5.0079488 2.562449
269.80109 7.4295735 -2.1045307 3322.6588 4.9940975 2.6036397
269.80109 13.5 -2.0901525 3324.2188 4.9805347 2.6446138
300.15202 1.0908391 -2.0409118 3351.5307 4.991806 2.7534388
300.15202 2.6539126 -2.0346592 3352.1007 4.9858488 2.7723879
300.15202 6.5433396 -2.0180623 3353.207 4.9698251 2.8240074
300.15202 13.5 -2.0008625 3354.8367 4.9534694 2.8776879
334.14342 1.1851106 -1.9570062 3383.759 4.9711169 2.9751973
334.14342 2.8928046 -1.9461664 3384.3447 4.9605778 3.011517
334.14342 7.1420938 -1.9262702 3385.5339 4.9412919 3.0791318
334.14342 13.5 -1.9120719 3387.1345 4.9279147 3.1269207
371.817 1.9065426 -1.8407536 3416.6325 4.918056 3.3361409
371.817 4.6863633 -1.8292656 3416.7265 4.9066158 3.3803721
371.817 11.42158 -1.8288413 3419.4477 4.9075746 3.3766428
371.817 13.5 -1.8259336 3420.0544 4.904975 3.3867637
405.6152 2.2952306 -1.7609585 3454.9667 4.8954283 3.5764382
405.6152 5.6588532 -1.7518832 3456.1326 4.8869391 3.6115641
405.6152 13.5 -1.7366581 3460.2296 4.8737721 3.6667292
443.47351 1.1509814 -1.6710131 3512.0336 4.8726955 3.8387856
443.47351 2.8163933 -1.6638995 3511.3268 4.8652323 3.8719118
443.47351 6.960471 -1.6517759 3513.4919 4.8541795 3.9214968
443.47351 13.5 -1.6374171 3518.5486 4.8423191 3.9754115
481.62136 1.5356999 -1.5669747 3581.2403 4.8383944 4.1616298
481.62136 3.7695087 -1.5580549 3581.2853 4.8294965 4.2044811
481.62136 9.3279399 -1.541895 3587.2679 4.8162361 4.2691615
481.62136 13.5 -1.530808 3592.8381 4.8078444 4.310607
517.40429 1.1629412 -1.4683835 3662.8392 4.810065 4.4564628
517.40429 2.8311932 -1.4607779 3661.8389 4.801985 4.4981122
517.40429 6.9823381 -1.4461501 3667.7196 4.7901448 4.5598484
517.40429 12.896957 -1.4269831 3678.9181 4.7762737 4.6332524
517.40429 13.5 -1.425033 3680.1409 4.7749009 4.6405808
551.23357 2.4071615 -1.3641906 3754.8725 4.7764872 4.7811462
551.23357 5.9385763 -1.349649 3761.6056 4.7650578 4.844475
551.23357 11.05263 -1.3298941 3774.5413 4.7512665 4.9220081
551.23357 13.5 -1.3204286 3781.174 4.744851 4.9584973
