# mass_Mjup age_Gyr logL_Lsun Teff_K logg_cgs radius_Rjup
62.853931 1.0175057 -4.267117 1699.2434 5.3590519 0.8255589
62.853931 1.6216299 -4.5074007 1507.0503 5.3908243 0.79590616
62.853931 2.5130439 -4.73973 1338.52 5.417142 0.77215238
62.853931 3.8675821 -4.9801148 1180.7239 5.4396208 0.7524257
62.853931 5.7295041 -5.1888698 1057.6547 5.457158 0.73738617
62.853931 8.963 -5.4131264 939.46474 5.4755608 0.72192748
62.853931 12.850944 -5.6402445 830.4333 5.4883761 0.71135431
62.853931 13.5 -5.6766595 813.93278 5.4899262 0.7100859
67.192967 1.4241954 -4.3549281 1641.2089 5.4154875 0.79988205
67.192967 2.2558892 -4.5968543 1452.8545 5.4456468 0.77258504
67.192967 3.5399205 -4.8366709 1284.393 5.4713665 0.75004348
67.192967 5.2396426 -5.0631781 1139.9335 5.4906 0.73361751
67.192967 8.2000855 -5.2855121 1014.0903 5.5097226 0.71764288
67.192967 12.301512 -5.5133371 897.55796 5.5254911 0.70473224
67.192967 13.5 -5.57404 868.36518 5.5287536 0.70209019
71.421245 1.4167594 -4.2652971 1729.8591 5.4437476 0.79826612
71.421245 2.2607476 -4.5093665 1531.3502 5.4760721 0.76910462
71.421245 3.4932845 -4.7426662 1359.4924 5.5025809 0.74598663
71.421245 5.278511 -4.9711833 1207.0087 5.5244324 0.72745357
71.421245 7.7215612 -5.1855665 1077.4393 5.5415452 0.71326166
71.421245 11.763818 -5.4026702 960.45369 5.5589834 0.69908464
71.421245 13.5 -5.4854033 918.53473 5.5641932 0.69490411
73.329586 1.2931193 -4.1783013 1811.719 5.448524 0.80442471
73.329586 2.1220596 -4.4340378 1596.073 5.4841082 0.77213507
73.329586 3.3323593 -4.6766331 1411.3364 5.5130146 0.74686157
73.329586 5.183607 -4.9150514 1247.8239 5.537524 0.72608155
73.329586 7.5710009 -5.1418569 1106.4182 5.5553935 0.71129646
73.329586 11.53621 -5.3550171 988.77014 5.5732578 0.6968166
73.329586 13.5 -5.4490291 940.01158 5.5794212 0.69188954
77.185566 1.1494094 -4.0185105 1972.6581 5.458834 0.81556544
77.185566 1.8178806 -4.255178 1756.712 5.4940964 0.78311871
77.185566 2.8929857 -4.5002585 1554.9338 5.5272223 0.75381482
77.185566 4.4877927 -4.7410352 1375.5788 5.5550932 0.73001067
77.185566 6.7736543 -4.975091 1218.044 5.5778592 0.71112546
77.185566 9.8825116 -5.1999453 1081.0716 5.5954794 0.69684492
77.185566 13.5 -5.371213 987.1148 5.6087999 0.68623975
80.038019 1.6004336 -4.1035375 1901.3564 5.495668 0.79601624
80.038019 2.5920257 -4.3470852 1687.455 5.5318905 0.76350294
80.038019 4.0828463 -4.6001348 1486.045 5.5641391 0.73567567
80.038019 6.0635097 -4.825335 1324.2838 5.5891357 0.7148058
80.038019 8.9285155 -5.0645886 1168.0001 5.6102366 0.69765006
80.038019 12.688426 -5.2729683 1045.6891 5.626455 0.6847443
80.038019 13.5 -5.3099587 1025.2669 5.6291829 0.68259718
80.77298 1.0166765 -3.848082 2154.9768 5.4616986 0.83155603
80.77298 1.6468503 -4.0912991 1915.1916 5.4999942 0.79568964
80.77298 2.7229938 -4.3449761 1691.4115 5.5378194 0.76178273
80.77298 4.2228451 -4.5922727 1493.9332 5.5694436 0.73454602
80.77298 6.3934729 -4.8309472 1322.2769 5.5960831 0.71235962
80.77298 9.4019894 -5.0738512 1163.8891 5.6173439 0.69513457
80.77298 13.431431 -5.2882519 1038.594 5.6338813 0.68202482
80.77298 13.5 -5.2965421 1033.7855 5.63411 0.68184524
83.064561 1.2397943 -3.8607993 2149.7276 5.4823289 0.82347653
83.064561 2.1163139 -4.1131048 1902.762 5.5226385 0.78613366
83.064561 3.5125862 -4.3770361 1671.3473 5.5612988 0.75191068
83.064561 5.2571682 -4.6183619 1480.3559 5.5918223 0.72594631
83.064561 7.9195546 -4.8717804 1300.0948 5.6196764 0.70303582
83.064561 11.188352 -5.1098962 1146.5362 5.6394433 0.68721721
83.064561 13.5 -5.2355107 1072.1953 5.6486021 0.68000889
84.498526 1.3256676 -3.8284592 2188.2772 5.4882978 0.82486604
84.498526 2.3309325 -4.0781901 1940.3685 5.5291561 0.78696292
84.498526 3.7864447 -4.3284344 1716.383 5.5663205 0.75400131
84.498526 5.6761458 -4.5793174 1513.6569 5.5988564 0.72628007
84.498526 8.2377715 -4.8212561 1338.2014 5.6267713 0.70330985
84.498526 11.506004 -5.0617038 1179.5698 5.6480275 0.68630722
84.498526 13.5 -5.1861331 1103.3976 5.6564905 0.6796528
85.07682 1.6675238 -3.8969384 2119.6516 5.5043877 0.81249288
85.07682 2.9026069 -4.1449653 1880.0631 5.5440464 0.77622961
85.07682 4.6392286 -4.4047443 1654.023 5.5813018 0.74363958
85.07682 6.7508779 -4.6495621 1462.3494 5.612158 0.71768583
85.07682 9.4915436 -4.8845524 1296.3344 5.6378119 0.69679888
85.07682 13.050181 -5.1273159 1140.0788 5.6574468 0.6812241
85.07682 13.5 -5.156743 1122.1008 5.6592619 0.67980201
86.202074 1.017283 -3.6310661 2411.6138 5.468395 0.85245047
86.202074 1.709946 -3.8419737 2180.112 5.5039867 0.81822599
86.202074 3.18152 -4.0951842 1930.0146 5.5455244 0.78001768
86.202074 5.2443545 -4.3680139 1687.8413 5.5854382 0.74498498
86.202074 7.4668222 -4.6146548 1491.3753 5.6171004 0.71831746
86.202074 10.338591 -4.8573203 1317.5854 5.6445332 0.69598522
86.202074 13.5 -5.0769406 1173.604 5.6631247 0.68124646
86.90813 1.7059731 -3.798304 2228.0353 5.5016328 0.82379957
86.90813 3.3183771 -4.0417295 1983.4048 5.5430154 0.7854712
86.90813 5.632341 -4.3184384 1731.9247 5.5841949 0.74910123
86.90813 7.8734144 -4.5636904 1531.7984 5.6161374 0.72205337
86.90813 10.838283 -4.8150816 1348.4938 5.6461179 0.6975559
86.90813 13.5 -5.0098338 1217.6271 5.6635315 0.68371044
87.186105 1.6719732 -3.7755432 2252.7451 5.4994189 0.82722182
87.186105 3.3034195 -4.0088803 2016.1969 5.5400395 0.78942643
87.186105 5.6266199 -4.2730016 1772.0597 5.5799424 0.75398068
87.186105 7.7481672 -4.5054531 1577.9413 5.6108439 0.72762813
87.186105 10.536204 -4.752627 1393.0174 5.6414806 0.7024107
87.186105 13.5 -4.9711713 1243.5811 5.6628952 0.68530484
87.654895 1.0487707 -3.5739865 2482.7436 5.4690702 0.85893592
87.654895 1.9679813 -3.793391 2235.985 5.5066228 0.82259196
87.654895 4.0301001 -4.0315161 1995.7891 5.547331 0.78492895
87.654895 6.7496599 -4.302943 1747.4497 5.587918 0.7490949
87.654895 9.1200702 -4.5437115 1549.1545 5.6194467 0.72239131
87.654895 11.996223 -4.7837353 1372.2397 5.6488115 0.69837733
87.654895 13.5 -4.8981103 1293.1114 5.6600104 0.68943079
87.782051 1.7957568 -3.7598328 2271.5269 5.5010901 0.8284486
87.782051 3.6466801 -3.9766541 2049.7123 5.5394116 0.79269265
87.782051 6.3363819 -4.2339675 1808.1835 5.5789233 0.75744127
87.782051 8.7472587 -4.47673 1602.4287 5.6118307 0.72928166
87.782051 11.526334 -4.7205574 1417.5023 5.6426384 0.70386835
87.782051 13.5 -4.8688013 1313.6239 5.6586713 0.69099511
88.17157 1.9725184 -3.7580906 2274.8839 5.5038362 0.82766376
88.17157 3.9857788 -3.9545652 2072.9161 5.5388008 0.7950083
88.17157 7.3939952 -4.2343191 1809.0815 5.5820603 0.75638327
88.17157 10.077748 -4.4875059 1594.7925 5.6162313 0.72720427
88.17157 13.005979 -4.7347782 1408.2894 5.6474545 0.70152764
88.17157 13.5 -4.7728424 1381.2039 5.6517822 0.69804105
88.422408 1.0276217 -3.5282633 2538.6968 5.465849 0.86589339
88.422408 2.0752864 -3.7525707 2281.6657 5.5047212 0.82799616
88.422408 4.6822115 -3.9659478 2062.5011 5.542667 0.79260249
88.422408 8.4049951 -4.2383344 1806.2864 5.5846233 0.75522663
88.422408 11.274246 -4.4976808 1587.2896 5.6194479 0.72554611
88.422408 13.5 -4.6836247 1446.0243 5.6434695 0.70575537
88.515752 1.0298617 -3.5238563 2544.1727 5.4656433 0.86655558
88.515752 2.0508015 -3.74333 2291.8568 5.5036806 0.8294262
88.515752 4.5004732 -3.9383181 2090.3567 5.5388005 0.79655877
88.515752 8.6500848 -4.2239143 1819.3994 5.5832272 0.75684069
88.515752 11.662481 -4.4895671 1594.0316 5.6191555 0.72617335
88.515752 13.5 -4.6433493 1476.0124 5.63931 0.70951742
88.690241 1.4935476 -3.6366104 2414.1792 5.4881443 0.84522734
88.690241 3.0958887 -3.8184076 2213.9124 5.5195053 0.81525423
88.690241 6.5275186 -4.02371 2006.909 5.5542767 0.78326255
88.690241 10.328105 -4.2795071 1770.8405 5.5926808 0.74938551
88.690241 13.384727 -4.5458847 1550.1094 5.62779 0.71969863
88.690241 13.5 -4.5553384 1542.8064 5.6290401 0.71866357
88.739344 1.0318001 -3.5137395 2556.8255 5.4652401 0.86805216
88.739344 2.1088637 -3.7327211 2304.2573 5.5035414 0.83060626
88.739344 4.595198 -3.9065715 2123.3355 5.5353424 0.80074584
88.739344 8.3397322 -4.116468 1918.3018 5.5688321 0.77045956
88.739344 11.601444 -4.3545007 1706.4497 5.603571 0.74025339
88.739344 13.5 -4.5233822 1567.7952 5.6252358 0.72201794
88.878622 1.0702075 -3.5190623 2551.109 5.4673558 0.86661964
88.878622 2.3847404 -3.7462722 2290.1554 5.5071094 0.8278501
88.878622 5.6557189 -3.9325064 2097.5073 5.5406977 0.79644825
88.878622 9.1382152 -4.1041797 1930.3606 5.5681109 0.7717044
88.878622 12.722272 -4.3487113 1711.7747 5.6038751 0.74057469
88.878622 13.5 -4.415033 1656.0314 5.6126846 0.73310153
89.007166 1.0677979 -3.5119385 2559.9186 5.4668482 0.86775312
89.007166 2.3818667 -3.7355197 2302.2372 5.5061251 0.82938791
89.007166 5.6516902 -3.9051968 2125.6698 5.5371851 0.80025374
89.007166 9.1329569 -4.0477606 1984.6463 5.5604982 0.77906045
89.007166 12.742334 -4.2471634 1800.2892 5.5905376 0.7525779
89.007166 13.5 -4.302071 1752.2058 5.5984166 0.74578212
89.120961 1.1368143 -3.5258399 2544.0752 5.4705197 0.86464506
89.120961 2.4020322 -3.7279186 2311.223 5.505846 0.83018466
89.120961 5.550299 -3.8785837 2153.2416 5.5335147 0.80415606
89.120961 8.9021485 -3.9922849 2039.0998 5.5525988 0.78668032
89.120961 12.377346 -4.1366382 1900.7103 5.5748619 0.76677286
89.120961 13.5 -4.1959408 1846.4089 5.5838123 0.7589122
89.228183 1.0372488 -3.491739 2584.3277 5.4642115 0.87147118
89.228183 2.3202721 -3.7101225 2331.7121 5.5039044 0.83254285
89.228183 5.5128447 -3.8552953 2177.6357 5.5303184 0.80760615
89.228183 8.9118649 -3.9520844 2079.2158 5.5467648 0.79245824
89.228183 12.435969 -4.0591956 1974.441 5.5640544 0.77684003
89.228183 13.5 -4.0994991 1935.9981 5.5702009 0.77136218
89.339361 1.0407013 -3.4874237 2589.7748 5.4640947 0.87213128
89.339361 2.3313245 -3.7010482 2342.4687 5.5033663 0.8335776
89.339361 5.542808 -3.8343948 2199.8394 5.5275817 0.81065927
89.339361 8.9619621 -3.9146309 2117.344 5.5414196 0.79784663
89.339361 12.506941 -3.9878848 2044.2454 5.5536399 0.78670019
89.339361 13.5 -4.0116269 2020.9713 5.5574905 0.78322032
89.465883 1.0434194 -3.4821484 2596.3769 5.4638569 0.87298756
89.465883 2.3414639 -3.6903697 2355.1443 5.5026774 0.83482956
89.465883 5.5714139 -3.81094 2224.6696 5.5242397 0.81436043
89.465883 9.0102286 -3.873994 2159.2945 5.5354791 0.80389061
89.465883 12.575592 -3.9205687 2111.8468 5.5434559 0.79654177
89.465883 13.5 -3.9314966 2100.8127 5.5452834 0.79486756
89.623778 1.0481926 -3.4758673 2604.3006 5.4636351 0.87398069
89.623778 2.357236 -3.6771473 2370.8966 5.5018011 0.83640929
89.623778 5.6145547 -3.7835299 2253.8764 5.5202537 0.81882776
89.623778 9.0825078 -3.8269396 2208.7117 5.5284991 0.81109148
89.623778 12.678082 -3.8529266 2181.7779 5.5331721 0.80673959
89.623778 13.5 -3.8570007 2177.5869 5.533906 0.8060582
89.82944 1.0518183 -3.4668404 2615.6213 5.4631387 0.87548315
89.82944 2.3722802 -3.6594328 2391.9731 5.5004568 0.83866541
89.82944 5.6580121 -3.7510018 2288.945 5.515542 0.82422564
89.82944 9.1562158 -3.7718519 2267.0592 5.5197021 0.82028743
89.82944 12.783153 -3.779618 2259.0415 5.5213136 0.81876695
89.82944 13.5 -3.7802426 2258.4126 5.5214546 0.81863407
90.083892 1.1668612 -3.4807965 2600.2046 5.4680539 0.87177501
90.083892 2.7600182 -3.6576984 2395.0621 5.5021927 0.83817553
90.083892 6.7243025 -3.7242642 2321.6725 5.5146953 0.82619717
90.083892 10.995839 -3.7522389 2293.6936 5.5216077 0.81964819
90.083892 13.5 -3.769081 2275.5955 5.5246885 0.81674612
90.499979 1.1649898 -3.4585561 2627.785 5.466144 0.87570944
90.499979 2.7663543 -3.617814 2442.306 5.4982429 0.84393801
90.499979 6.1958928 -3.6686605 2384.5285 5.5074992 0.8349922
90.499979 9.7516382 -3.6719954 2380.9058 5.5081928 0.83432568
90.499979 13.5 -3.6700742 2383.3013 5.5080186 0.83449305
90.589781 1.216541 -3.4641252 2621.588 5.4680423 0.87423106
90.589781 2.8991158 -3.614157 2446.829 5.4982308 0.84436841
90.589781 6.5025769 -3.6579314 2397.1646 5.5063822 0.83648141
90.589781 9.6338559 -3.6603042 2394.6254 5.5069139 0.83596951
90.589781 12.880366 -3.6586503 2396.6919 5.5067585 0.83611909
90.589781 13.5 -3.6582544 2397.178 5.5067149 0.83616103
91.142791 1.3025214 -3.4487025 2641.6171 5.4684844 0.87644915
91.142791 3.130599 -3.5669827 2503.4588 5.4934469 0.85161926
91.142791 6.4119074 -3.5896605 2477.3419 5.4979067 0.84725778
91.142791 9.8139679 -3.5891185 2478.1727 5.4979472 0.84721833
91.142791 13.341224 -3.5867382 2481.1435 5.4976482 0.84751003
91.142791 13.5 -3.5866264 2481.2827 5.4976338 0.84752405
91.800316 2.0985268 -3.4769883 2611.0135 5.4796491 0.86837097
91.800316 5.1553399 -3.5179314 2563.2483 5.4885184 0.859549
91.800316 8.4098217 -3.5180943 2563.2867 5.4887074 0.85936205
91.800316 11.784068 -3.5157944 2566.2223 5.4883958 0.85967035
91.800316 13.5 -3.5145661 2567.7847 5.4882249 0.85983959
92.543283 1.892452 -3.4153806 2685.778 5.4705861 0.88102291
92.543283 4.6421312 -3.44804 2647.7563 5.4784771 0.87305516
92.543283 8.1212806 -3.4473291 2648.8783 5.4785021 0.87303002
92.543283 11.728463 -3.4447493 2652.195 5.4780961 0.8734382
92.543283 13.5 -3.443458 2653.8535 5.4778907 0.87364472
93.406508 1.0164438 -3.2898064 2837.1119 5.4442695 0.91235027
93.406508 2.4619529 -3.3715625 2741.1876 5.4662748 0.88952657
93.406508 5.557706 -3.3791085 2732.5001 5.4683065 0.88744836
93.406508 8.7673828 -3.3770546 2735.2756 5.4680161 0.88774507
93.406508 12.095176 -3.3747401 2738.373 5.4676678 0.88810118
93.406508 13.5 -3.3737612 2739.6824 5.4675194 0.88825293
94.396397 1.1169986 -3.2596 2876.0251 5.4423063 0.91924724
94.396397 2.7116571 -3.3091338 2818.353 5.4566509 0.90419072
94.396397 6.1268339 -3.3102007 2817.4967 5.4571899 0.90362979
94.396397 9.6473445 -3.3077861 2820.7401 5.456774 0.90406261
94.396397 13.29741 -3.3052532 2824.1395 5.4563333 0.90452136
94.396397 13.5 -3.3051127 2824.3281 5.4563088 0.90454685
95.56108 1.4067308 -3.2261468 2919.5723 5.4402849 0.92705575
95.56108 3.432138 -3.2428041 2900.0847 5.445308 0.92171002
95.56108 7.0676431 -3.2407185 2903.0707 5.4450101 0.92202616
95.56108 10.129139 -3.2386592 2905.9467 5.444671 0.92238622
95.56108 13.385807 -3.2364683 2909.0077 5.444309 0.92277074
95.56108 13.5 -3.2363916 2909.115 5.4442963 0.92278424
96.916137 1.535428 -3.167899 2993.2684 5.4314578 0.94314163
96.916137 3.7522063 -3.1747059 2985.6728 5.4338509 0.94054669
96.916137 7.0907767 -3.1725673 2988.7166 5.4334824 0.94094585
96.916137 10.552207 -3.1702711 2991.9664 5.4330742 0.94138816
96.916137 13.5 -3.1683168 2994.7342 5.4327261 0.94176548
98.484569 1.4258186 -3.1036736 3069.9771 5.4181625 0.96540744
98.484569 3.4791659 -3.1081908 3065.4605 5.420122 0.96323195
98.484569 7.1648221 -3.1059227 3068.57 5.4196151 0.96379419
98.484569 10.37106 -3.1039107 3071.3163 5.4191572 0.96430248
98.484569 13.5 -3.1019505 3073.9921 5.4187098 0.96479931
100.44508 1.023858 -3.0306914 3152.5043 5.3998229 0.9957737
100.44508 2.4790306 -3.0397914 3143.6571 5.4040408 0.99094989
100.44508 6.0999657 -3.037815 3146.3639 5.4035596 0.99149913
100.44508 13.5 -3.033501 3152.1744 5.4024508 0.99276559
102.90208 1.8273731 -2.9695566 3220.0677 5.3860209 1.0240223
102.90208 4.478579 -2.9684118 3221.7013 5.3857572 1.0243332
102.90208 11.075628 -2.9648778 3226.3999 5.3847549 1.0255159
102.90208 13.5 -2.9635791 3228.1273 5.384386 1.0259515
106.10092 1.7190828 -2.8955862 3295.7915 5.3657243 1.0644007
106.10092 4.2101405 -2.8944665 3297.3439 5.3654227 1.0647704
106.10092 10.408689 -2.8913919 3301.4388 5.3645042 1.065897
106.10092 13.5 -2.8898589 3303.4696 5.3640394 1.0664676
110.31997 1.6451805 -2.8167402 3370.991 5.3430048 1.1141212
110.31997 4.0277238 -2.8156841 3372.425 5.3426876 1.1145282
110.31997 9.9562539 -2.8129306 3376.091 5.3418214 1.1156402
110.31997 13.5 -2.8112632 3378.2997 5.3412902 1.1163227
115.66888 1.6901895 -2.7347549 3444.081 5.318845 1.172988
115.66888 4.1415381 -2.7336702 3445.5501 5.3185011 1.1734524
115.66888 10.241278 -2.7308744 3449.2721 5.3175809 1.1746963
115.66888 13.5 -2.7293301 3451.2949 5.317055 1.1754077
122.19471 1.5587274 -2.6519347 3512.4963 5.2940307 1.2405625
122.19471 3.8180003 -2.6509519 3513.8176 5.2937013 1.241033
122.19471 9.4397943 -2.6483408 3517.196 5.2927596 1.2423793
122.19471 13.5 -2.6463005 3519.7217 5.2919663 1.2435144
130.05436 1.3410498 -2.5686399 3576.3815 5.2691202 1.3170738
130.05436 3.2813266 -2.5677544 3577.5896 5.2688215 1.3175269
130.05436 8.109356 -2.5652633 3580.7485 5.2678636 1.3189806
130.05436 13.5 -2.5619826 3584.5243 5.2664138 1.3211841
139.3758 1.5492348 -2.485162 3635.3413 5.2441103 1.4032864
139.3758 3.8024589 -2.4840669 3636.6103 5.2436214 1.4040765
139.3758 9.4092013 -2.4805226 3640.0432 5.2417162 1.4071596
139.3758 13.5 -2.4772209 3642.7762 5.2397183 1.4104
150.37303 1.2278271 -2.4021184 3687.8802 5.2189757 1.5003926
150.37303 2.9997096 -2.4010227 3689.136 5.2184714 1.5012638
150.37303 6.1801504 -2.3983685 3691.6615 5.217006 1.5037989
150.37303 9.4776315 -2.3947347 3694.6408 5.2147736 1.5076688
150.37303 12.89646 -2.3901634 3698.0626 5.2118105 1.5128208
150.37303 13.5 -2.3892946 3698.6902 5.2112364 1.513821
162.88036 1.6606595 -2.3145764 3749.9227 5.1951145 1.6050363
162.88036 4.0795784 -2.3120215 3752.2996 5.1936604 1.6077256
162.88036 7.722582 -2.3062178 3756.7091 5.1898968 1.6147069
162.88036 10.895854 -2.2997738 3761.3982 5.1856199 1.6226774
162.88036 13.5 -2.2938919 3765.9007 5.1818162 1.629799
175.99039 1.5211969 -2.2270914 3825.6917 5.1760004 1.7055013
175.99039 3.7350794 -2.2227724 3830.2895 5.1737679 1.7098905
175.99039 7.0692886 -2.2145332 3835.3378 5.1678168 1.721646
175.99039 10.526197 -2.2059627 3837.9288 5.1604194 1.736371
175.99039 13.5 -2.1991394 3839.4218 5.1542718 1.7487042
