# mass_Mjup age_Gyr logL_Lsun Teff_K logg_cgs radius_Rjup
62.853931 1.0717364 -4.3135503 1563.9859 5.2613942 0.92379777
62.853931 1.798619 -4.5075812 1429.8548 5.2996615 0.88398159
62.853931 3.4795018 -4.7553507 1276.0756 5.3497689 0.83442934
62.853931 6.3525277 -4.9960644 1140.7341 5.3957147 0.79143754
62.853931 9.7862602 -5.2790574 984.3236 5.4225215 0.76738488
62.853931 13.5 -5.4068208 924.8306 5.4419821 0.7503829
65.385857 1.289335 -4.3426719 1551.6676 5.2939306 0.90757893
65.385857 2.1256191 -4.5249801 1426.547 5.3301884 0.87047341
65.385857 4.064937 -4.7686238 1275.0821 5.3788404 0.82305623
65.385857 7.4784031 -5.0088705 1140.7752 5.4257348 0.77979832
65.385857 11.876136 -5.304211 978.62573 5.4547414 0.75418687
65.385857 13.5 -5.3554669 954.56404 5.4627511 0.74726416
67.670386 1.3458071 -4.3198603 1575.4538 5.3124618 0.90380809
67.670386 2.2711416 -4.5015791 1449.2488 5.3491296 0.86644761
67.670386 4.4138753 -4.7496324 1292.403 5.3982031 0.8188523
67.670386 8.154927 -4.9903525 1156.7949 5.4463567 0.77469145
67.670386 13.279763 -5.3059884 983.08096 5.4793243 0.74583878
67.670386 13.5 -5.3151133 978.50084 5.4803369 0.74496977
69.896665 1.3071458 -4.262818 1626.541 5.3249147 0.90547957
69.896665 2.0380022 -4.4162684 1514.1351 5.3539634 0.87569785
69.896665 3.8566071 -4.6392263 1366.2332 5.3983623 0.83206042
69.896665 7.4273149 -4.8934788 1215.2073 5.4491168 0.78483363
69.896665 13.055345 -5.2371215 1023.7277 5.4948959 0.74454002
69.896665 13.5 -5.2833628 997.77002 5.4965211 0.74314822
70.738437 1.0724731 -4.0575559 1815.7465 5.3160123 0.92029983
70.738437 1.5033937 -4.3046157 1595.9345 5.3389115 0.89635444
70.738437 2.4375737 -4.4554588 1489.5981 5.3699708 0.86486852
70.738437 4.7621125 -4.6924518 1335.2091 5.4168844 0.81939499
70.738437 8.8525109 -4.9387364 1192.6048 5.4669582 0.77349305
70.738437 13.5 -5.2038489 1045.3705 5.5031655 0.74191262
71.12462 1.3313024 -4.2360156 1652.9021 5.3336042 0.90430651
71.12462 1.9951741 -4.3802368 1543.4399 5.3587958 0.87845565
71.12462 3.6470994 -4.5809611 1407.0423 5.3987898 0.83892447
71.12462 7.0946991 -4.8325037 1253.1561 5.4491244 0.79169072
71.12462 12.836267 -5.0903026 1113.6426 5.501886 0.7450317
71.12462 13.5 -5.1374854 1086.4903 5.5061888 0.74135008
71.650862 1.2409419 -4.1735397 1708.5931 5.3318958 0.90943272
71.650862 1.8287756 -4.3427724 1571.439 5.355764 0.88478239
71.650862 3.2914938 -4.5264033 1444.6383 5.3932414 0.84741821
71.650862 6.4805389 -4.7759352 1287.3708 5.4425513 0.80065023
71.650862 11.930571 -5.0340992 1144.6885 5.49665 0.75230422
71.650862 13.5 -5.101095 1108.7886 5.5082916 0.74228843
72.717851 1.1162134 -4.0130978 1864.253 5.3293384 0.91888063
72.717851 1.5408536 -4.2588234 1639.188 5.3515596 0.895671
72.717851 2.2814137 -4.381238 1547.5171 5.374001 0.87282625
72.717851 4.1241642 -4.564981 1422.1425 5.4109746 0.83645193
72.717851 8.0066641 -4.8146657 1267.7487 5.4610195 0.78962076
72.717851 13.5 -5.053616 1137.1021 5.5110349 0.7454368
73.329586 1.1656173 -4.0171738 1862.7787 5.3356782 0.91602705
73.329586 1.6285692 -4.2624341 1638.2006 5.3577618 0.89303095
73.329586 2.4451517 -4.3831914 1547.9298 5.3800558 0.87040123
73.329586 4.4770703 -4.5655685 1423.4833 5.4168374 0.83431235
73.329586 8.7459038 -4.8191306 1266.8847 5.4679384 0.78664393
73.329586 13.5 -5.0220835 1155.5199 5.5110526 0.74855051
74.826685 1.2082588 -3.9790145 1904.1026 5.3444124 0.91607242
74.826685 1.6658765 -4.2217633 1676.8992 5.3664277 0.89314541
74.826685 2.3090177 -4.3297699 1589.8654 5.3818479 0.87742915
74.826685 3.9093588 -4.4543425 1502.4254 5.4081508 0.85125686
74.826685 7.3367055 -4.6488346 1373.4138 5.4466769 0.81432462
74.826685 11.46541 -4.8332814 1263.0427 5.4855901 0.77864766
74.826685 13.5 -4.9206271 1213.9378 5.5040495 0.76227433
75.582747 1.205029 -3.9480125 1936.3287 5.3469317 0.91802239
75.582747 1.7511049 -4.2143107 1685.5871 5.3723183 0.8915793
75.582747 2.7150887 -4.3396399 1585.0506 5.3908153 0.87279346
75.582747 5.1137887 -4.4791598 1487.7286 5.4202573 0.84370463
75.582747 8.7263417 -4.6429125 1379.1965 5.4524198 0.81303494
75.582747 13.5 -4.8343015 1264.3988 5.4928406 0.77606628
76.227978 1.2628818 -3.9479706 1938.8207 5.3528157 0.91570822
76.227978 1.8694264 -4.2139596 1687.9146 5.378056 0.88948158
76.227978 2.7088257 -4.3204596 1600.4157 5.3920853 0.87523023
76.227978 4.7975197 -4.4227401 1528.3793 5.4143592 0.8530714
76.227978 7.9431894 -4.5417558 1447.4303 5.4388409 0.82936271
76.227978 11.20462 -4.6562577 1372.3231 5.4607777 0.80867891
76.227978 13.5 -4.735286 1322.8074 5.4759671 0.79466016
76.730718 1.2473427 -3.9180035 1969.481 5.35296 0.91857031
76.730718 1.9057827 -4.2012007 1700.3145 5.3808671 0.88952644
76.730718 2.7330557 -4.2972939 1620.5404 5.3934827 0.87670009
76.730718 4.7915755 -4.3883735 1554.0192 5.4117484 0.85845633
76.730718 8.4865161 -4.4995932 1477.1229 5.4348091 0.83596451
76.730718 11.70083 -4.5872098 1418.5462 5.4521331 0.81945641
76.730718 13.5 -4.6367569 1386.1836 5.4615893 0.81058346
76.879625 1.2892991 -3.9305623 1957.9433 5.3561541 0.91608625
76.879625 1.9594409 -4.2044247 1698.017 5.3825842 0.88863069
76.879625 2.8094344 -4.2961228 1621.9501 5.3946641 0.87635757
76.879625 4.9244903 -4.3829023 1558.2939 5.4118911 0.85914774
76.879625 8.1098622 -4.472304 1496.0511 5.4304811 0.84095521
76.879625 11.412456 -4.5529771 1441.7464 5.446924 0.82518513
76.879625 13.5 -4.6056668 1406.7646 5.4569439 0.81572064
77.35858 1.4793134 -3.9845586 1908.2689 5.3682054 0.90627354
77.35858 2.1991153 -4.2177193 1688.2319 5.3885363 0.88530691
77.35858 3.3292738 -4.3033749 1617.5519 5.3998965 0.87380353
77.35858 6.1414698 -4.3771089 1563.7276 5.414842 0.85889688
77.35858 9.6997212 -4.441573 1518.4949 5.428315 0.84567704
77.35858 13.388916 -4.497444 1480.3495 5.4399897 0.83438634
77.35858 13.5 -4.4991078 1479.2236 5.4403316 0.83405789
77.808054 1.6011845 -4.0038273 1891.6976 5.3748389 0.90198768
77.808054 2.4519318 -4.2245011 1683.8894 5.3933599 0.88295807
77.808054 4.0775825 -4.304372 1618.1327 5.4040332 0.87217461
77.808054 7.559133 -4.3555068 1580.1352 5.4138885 0.86233457
77.808054 11.168805 -4.3880972 1557.2565 5.4211424 0.85516287
77.808054 13.5 -4.4057143 1544.8159 5.4248259 0.85154397
78.289324 1.5541904 -3.961323 1933.7423 5.3732 0.90648169
78.289324 2.554658 -4.2110984 1696.6577 5.3957579 0.88324279
78.289324 4.1886787 -4.2730614 1645.015 5.4040235 0.87487757
78.289324 7.6881547 -4.3114662 1613.9455 5.4093043 0.8695747
78.289324 11.316412 -4.3209901 1606.3776 5.4106633 0.86821523
78.289324 13.5 -4.3226968 1605.0382 5.4109209 0.86795772
78.869044 1.7790276 -3.9935633 1905.2065 5.3828182 0.89981238
78.869044 2.9454432 -4.2067057 1702.3933 5.4004319 0.88174926
78.869044 5.1872607 -4.2441356 1670.6747 5.4051899 0.87693244
78.869044 8.5635413 -4.2564343 1660.5132 5.4068902 0.87521742
78.869044 12.064069 -4.2585714 1658.7825 5.4072159 0.87488933
78.869044 13.5 -4.2586772 1658.7104 5.4072462 0.87485881
79.672605 1.2914398 -3.8208098 2071.544 5.3598756 0.928591
79.672605 2.4650548 -4.066359 1839.3825 5.3989363 0.88775703
79.672605 4.9310303 -4.1859049 1724.593 5.4065406 0.88001891
79.672605 8.6449033 -4.1871986 1723.4174 5.4066496 0.8799084
79.672605 11.879907 -4.1868459 1723.7974 5.4066799 0.87987777
79.672605 13.5 -4.1866662 1723.9906 5.4066949 0.87986254
80.369388 1.2813073 -3.7918494 2100.7562 5.3590228 0.93355888
80.369388 2.500316 -4.0219607 1883.5632 5.3995523 0.89099848
80.369388 4.9322277 -4.1355861 1775.8545 5.4108865 0.87944741
80.369388 8.594799 -4.1392369 1772.3078 5.4110643 0.87926738
80.369388 11.785116 -4.1388652 1772.7259 5.4111023 0.87922888
80.369388 13.5 -4.1386635 1772.9526 5.4111227 0.87920824
81.371773 2.0966544 -3.8992934 2004.7495 5.3905877 0.90583858
81.371773 4.9940626 -4.0475469 1862.8263 5.4112902 0.88450352
81.371773 8.6601324 -4.0603096 1850.8665 5.4128639 0.88290244
81.371773 11.858421 -4.0603848 1850.8546 5.4129279 0.88283739
81.371773 13.5 -4.0601297 1851.1248 5.4129263 0.88283896
81.729824 1.5647971 -3.8016858 2096.5138 5.3726374 0.92678574
81.729824 3.6805345 -3.992842 1915.9914 5.4073769 0.89045017
81.729824 6.8669326 -4.028826 1881.8065 5.4120866 0.885635
81.729824 10.17059 -4.0306244 1880.166 5.4123698 0.88534623
81.729824 13.5 -4.0301468 1880.6855 5.4123721 0.88534386
82.62889 1.2021555 -3.6921741 2200.7372 5.3521589 0.95410088
82.62889 2.8282715 -3.8863393 2021.105 5.3984068 0.90462868
82.62889 6.3108186 -3.9534534 1956.9551 5.4094889 0.89316002
82.62889 9.9215234 -3.9563581 1954.2419 5.4099834 0.89265171
82.62889 13.059097 -3.9558561 1954.8014 5.4099787 0.8926565
82.62889 13.5 -3.9557659 1954.8991 5.4099752 0.89266008
83.656048 2.0803977 -3.7769621 2126.061 5.3823424 0.92722522
83.656048 5.0795274 -3.8636644 2045.7804 5.4021779 0.90629063
83.656048 8.2725958 -3.8720401 2038.0622 5.4039873 0.90440466
83.656048 11.583169 -3.872019 2038.175 5.4040623 0.90432653
83.656048 13.5 -3.871582 2038.6364 5.4040186 0.9043721
84.847436 2.2077406 -3.7257405 2177.6014 5.3788728 0.93754199
84.847436 5.39452 -3.7781669 2129.1288 5.3921934 0.92327359
84.847436 8.7873725 -3.7807692 2126.8328 5.3929214 0.92250014
84.847436 12.305082 -3.7800139 2127.6532 5.3928361 0.92259078
84.847436 13.5 -3.7796947 2127.9899 5.3927918 0.92263774
86.144012 1.2751928 -3.5853344 2312.8621 5.3497386 0.97690203
86.144012 3.0727453 -3.6836069 2221.2604 5.37781 0.94583483
86.144012 6.2992626 -3.6955202 2210.2484 5.3810898 0.9422701
86.144012 9.6445158 -3.6950736 2210.808 5.3810829 0.94227757
86.144012 13.112874 -3.69413 2211.8384 5.3809488 0.94242311
86.144012 13.5 -3.6940231 2211.9549 5.3809334 0.94243983
87.657313 1.4376512 -3.5509544 2350.4408 5.35092 0.98410594
87.657313 3.4746023 -3.6079391 2297.0712 5.3680052 0.96493767
87.657313 7.130828 -3.6106719 2294.7224 5.3689608 0.96387661
87.657313 10.311463 -3.6098403 2295.6573 5.3688368 0.96401428
87.657313 13.5 -3.6089483 2296.6488 5.3686949 0.96417177
89.431551 1.4456532 -3.4887585 2414.312 5.3440029 1.0019631
89.431551 3.4930938 -3.5250796 2380.8046 5.3560454 0.98816723
89.431551 8.5877813 -3.5251675 2381.0407 5.3563056 0.98787122
89.431551 13.5 -3.5237795 2382.6323 5.3560785 0.98812964
91.490771 1.6339032 -3.4277068 2477.3252 5.3375962 1.0209355
91.490771 3.9603812 -3.4422606 2464.3338 5.3430161 1.0145849
91.490771 8.1362935 -3.4413434 2465.4783 5.3429056 1.014714
91.490771 12.465879 -3.4401161 2466.9162 5.342691 1.0149646
91.490771 13.5 -3.4398228 2467.2597 5.3426397 1.0150246
93.882589 1.059157 -3.3270875 2575.3422 5.3155924 1.0607282
93.882589 2.5305116 -3.3592733 2547.1008 5.328623 1.0449338
93.882589 6.1917128 -3.359349 2547.3611 5.3288762 1.0446293
93.882589 13.5 -3.3572744 2549.8604 5.3285051 1.0450756
96.766099 2.1191204 -3.2755081 2629.5304 5.3133243 1.0797103
96.766099 5.1682994 -3.2757416 2629.6539 5.3136393 1.0793188
96.766099 12.755632 -3.2736238 2632.234 5.3132251 1.0798337
96.766099 13.5 -3.2734158 2632.4874 5.3131843 1.0798843
100.20328 1.1847121 -3.18633 2713.4133 5.2938558 1.1236236
100.20328 2.8448183 -3.1928206 2708.5275 5.2972157 1.1192856
100.20328 6.9756936 -3.1917461 2709.8774 5.2970067 1.1195549
100.20328 13.5 -3.1899528 2712.0864 5.2966289 1.120042
104.29201 1.0373253 -3.1037281 2788.966 5.2763322 1.1696804
104.29201 2.4801212 -3.1093759 2785.0784 5.2795567 1.1653461
104.29201 6.0702592 -3.1084343 2786.2733 5.2793603 1.1656097
104.29201 13.5 -3.1063855 2788.8205 5.278899 1.1662289
109.18475 1.6599411 -3.024716 2858.9002 5.2602541 1.2191628
109.18475 4.0332251 -3.0242845 2859.5739 5.2602319 1.219194
109.18475 9.938715 -3.0226432 2861.6247 5.259836 1.2197498
109.18475 13.5 -3.0216481 2862.8651 5.2595938 1.2200901
114.95399 1.2050618 -2.9406609 2927.3712 5.2396762 1.2809486
114.95399 2.907611 -2.9408108 2927.6037 5.2399641 1.2805241
114.95399 7.1440984 -2.9396316 2929.0831 5.2396625 1.2809688
114.95399 13.5 -2.9378377 2931.3162 5.2391926 1.281662
121.82841 1.518381 -2.8562314 2993.1409 5.2190687 1.3503543
121.82841 3.6940742 -2.8556666 2993.9002 5.2189446 1.3505472
121.82841 9.1078952 -2.8540938 2995.8667 5.2185124 1.3512193
121.82841 13.5 -2.8527868 2997.4673 5.2181333 1.3518093
129.91111 2.1190896 -2.7729827 3050.9761 5.1969643 1.4303713
129.91111 5.1892038 -2.7721355 3051.9541 5.1966739 1.4308496
129.91111 12.82863 -2.7698743 3054.4462 5.1958306 1.4322394
129.91111 13.5 -2.7696652 3054.6688 5.1957482 1.4323754
139.61105 1.6099914 -2.6877941 3105.7235 5.1739451 1.5226325
139.61105 3.9174739 -2.6870426 3106.6256 5.1736981 1.5230656
139.61105 9.6592288 -2.6849487 3108.9777 5.172919 1.5244324
139.61105 13.5 -2.6833697 3110.637 5.1722669 1.5255773
150.85141 1.6377631 -2.5965497 3170.0217 5.1519282 1.6233732
150.85141 3.9901952 -2.5956092 3171.1531 5.1516075 1.6239726
150.85141 9.843799 -2.5927553 3174.1787 5.1504103 1.6262126
150.85141 13.5 -2.5905944 3176.2341 5.1493739 1.6281541
162.96709 2.0210425 -2.5031307 3248.2717 5.1344201 1.7216612
162.96709 4.9483047 -2.5008689 3251.6006 5.1339377 1.7226176
162.96709 12.23227 -2.4940685 3259.2447 5.1312164 1.728023
162.96709 13.5 -2.4928266 3260.2829 5.1305278 1.7293935
175.3594 2.0398699 -2.4332889 3286.142 5.1165434 1.8230584
175.3594 4.9987403 -2.4316373 3287.2423 5.1154733 1.8253058
175.3594 12.361357 -2.4252317 3289.8169 5.1104277 1.8359398
175.3594 13.5 -2.4240454 3290.1837 5.1094351 1.838039
193.04822 1.9256614 -2.3510325 3319.7006 5.093674 1.963829
193.04822 4.7190912 -2.3488543 3320.5971 5.0919649 1.967697
193.04822 11.670038 -2.3402029 3322.3834 5.0842478 1.9852572
193.04822 13.5 -2.3376518 3322.7666 5.0818971 1.9906372
213.52293 2.0033681 -2.2684498 3350.3344 5.070827 2.1203938
213.52293 4.9165528 -2.2647551 3350.9809 5.0674676 2.1286107
213.52293 12.165488 -2.2520398 3351.6465 5.0550972 2.1591431
213.52293 13.5 -2.2497706 3351.7122 5.0528621 2.1647063
236.82108 2.2737434 -2.1856795 3379.2015 5.0479363 2.2927136
236.82108 5.5935091 -2.1785165 3379.2042 5.0407747 2.3116953
236.82108 13.5 -2.1616431 3378.3542 5.0234643 2.3582281
263.25795 2.3417772 -2.1024302 3407.0656 5.0249138 2.4822277
263.25795 5.7673805 -2.0915877 3405.8847 5.0134691 2.5151505
263.25795 13.5 -2.0729047 3405.223 4.9944486 2.5708352
293.04987 1.0514571 -2.0232983 3435.1383 5.0065968 2.674731
293.04987 2.5603725 -2.0174944 3434.3229 5.0003805 2.6939422
293.04987 6.315037 -2.0005376 3435.8959 4.9842193 2.7445358
293.04987 13.5 -1.9821443 3438.2568 4.9670191 2.7994259
325.87465 1.1258355 -1.9403151 3467.1154 4.9858189 2.8888406
325.87465 2.7492003 -1.9293904 3467.9926 4.9753337 2.9239248
325.87465 6.7886512 -1.9092509 3469.6992 4.9560489 2.9895692
325.87465 13.5 -1.8938532 3471.8812 4.9417433 3.039215
362.33929 2.3456558 -1.8199871 3502.6777 4.9292833 3.2510513
362.33929 5.7885786 -1.8141913 3504.0674 4.9241766 3.2702215
362.33929 13.5 -1.8103764 3506.8986 4.9217647 3.2793148
395.08994 2.1944657 -1.7449389 3539.6485 4.9100555 3.4707875
395.08994 5.4111552 -1.7365663 3541.0306 4.902361 3.5016702
395.08994 13.415308 -1.7207204 3545.6579 4.8887838 3.5568361
395.08994 13.5 -1.7205864 3545.7525 4.8886962 3.5571949
431.56468 1.7471871 -1.6533443 3595.8541 4.8841786 3.7371578
431.56468 4.2943648 -1.6442138 3597.065 4.875633 3.7741071
431.56468 10.632558 -1.6281534 3602.1173 4.8620108 3.8337635
431.56468 13.5 -1.6219563 3604.4849 4.8569552 3.8561429
468.54604 1.367904 -1.5548095 3661.4893 4.8527729 4.0373598
468.54604 3.3521218 -1.5462807 3661.8524 4.8444165 4.0763896
468.54604 8.2894908 -1.5309256 3667.1282 4.8315623 4.137164
468.54604 13.5 -1.5165789 3674.179 4.8205525 4.1899384
