# mass_Mjup age_Gyr logL_Lsun Teff_K logg_cgs radius_Rjup
62.853931 1.1146945 -4.3684921 1550.7919 5.3016187 0.88199201
62.853931 1.6749429 -4.5530042 1415.2666 5.3272698 0.85632597
62.853931 2.9197145 -4.7700053 1274.0689 5.3616895 0.82305574
62.853931 5.4897523 -4.9846815 1153.4431 5.4035787 0.78430438
62.853931 9.8620187 -5.2396487 1019.1728 5.4435526 0.74902741
62.853931 10.441324 -5.2733493 1001.788 5.4473652 0.74574683
66.130152 1.0972544 -4.2692621 1643.8499 5.3256903 0.87995891
66.130152 1.6379703 -4.4876817 1471.3139 5.3514827 0.85421301
66.130152 2.7695663 -4.7021129 1324.8606 5.3837732 0.82303995
66.130152 4.9387307 -4.8947884 1211.255 5.4207103 0.78877362
66.130152 9.1820473 -5.1415357 1077.1857 5.4636776 0.750704
66.130152 11.929421 -5.2825304 1003.3427 5.4813072 0.73562068
69.58623 1.08914 -4.1628384 1748.7422 5.348845 0.87891512
69.58623 1.5258399 -4.366774 1575.8877 5.3719786 0.8558155
69.58623 2.3469117 -4.5601097 1431.0874 5.3978778 0.83067383
69.58623 4.078482 -4.7773407 1287.3404 5.4312178 0.79939336
69.58623 7.8435163 -5.0006467 1161.6681 5.4760785 0.75915454
69.58623 13.147748 -5.2547117 1025.0471 5.5127904 0.72773659
69.58623 13.5 -5.2735325 1015.0532 5.5145912 0.72622937
72.910835 1.0722796 -4.0384957 1875.5487 5.3663813 0.88168442
72.910835 1.5615529 -4.2793937 1658.5545 5.3936848 0.85440032
72.910835 2.416833 -4.4968187 1485.1047 5.4192191 0.82964874
72.910835 4.0952121 -4.6966389 1347.4461 5.4500567 0.80071035
72.910835 7.4236062 -4.8988756 1227.2244 5.4899437 0.76477192
72.910835 12.831815 -5.1507372 1087.9328 5.5325177 0.72819044
72.910835 13.5 -5.1815442 1071.1867 5.5363771 0.72496203
73.329586 1.4585615 -4.2305549 1701.1619 5.3913969 0.85911032
73.329586 2.1278094 -4.4263097 1540.1879 5.4144638 0.8365954
73.329586 3.4231511 -4.6090892 1408.0552 5.4414272 0.81102413
73.329586 6.139738 -4.8236429 1270.6678 5.4776303 0.77791519
73.329586 11.34675 -5.0721255 1131.8469 5.5251356 0.73651156
73.329586 13.5 -5.1714301 1077.3046 5.5386436 0.72514626
74.695591 1.4746176 -4.1758184 1755.4077 5.3992055 0.85931527
74.695591 2.2774131 -4.4046935 1561.8199 5.4250924 0.83408257
74.695591 3.7237615 -4.5949453 1421.5133 5.451824 0.80880395
74.695591 6.7434014 -4.8151343 1279.1223 5.4886576 0.77522262
74.695591 12.431347 -5.0720117 1135.4201 5.5385131 0.73197915
74.695591 13.5 -5.1186024 1109.6956 5.5452929 0.72628789
76.852835 1.3233299 -4.0210782 1906.0746 5.3998778 0.87096123
76.852835 2.0649589 -4.2706306 1678.5693 5.4286278 0.84260463
76.852835 3.4306955 -4.4907525 1500.4119 5.4538345 0.81850333
76.852835 5.9656631 -4.6754463 1372.1771 5.483327 0.79117806
76.852835 10.933083 -4.9085175 1232.954 5.5305449 0.74931644
76.852835 13.5 -5.0189523 1170.4991 5.5506766 0.73214888
78.024068 1.4245814 -4.0120326 1918.8676 5.4090214 0.86838312
78.024068 2.2701741 -4.2592864 1691.8738 5.4375669 0.84030819
78.024068 3.8740466 -4.4677317 1521.7659 5.4619318 0.81706414
78.024068 6.9178105 -4.6499969 1392.6634 5.4901903 0.79090976
78.024068 10.158399 -4.8039012 1294.5688 5.5172104 0.76668486
78.024068 13.5 -4.9329088 1222.483 5.5466888 0.74110146
78.952436 1.382828 -3.9529612 1979.163 5.4088331 0.87372346
78.952436 2.2677034 -4.1992418 1748.62 5.4399692 0.84295805
78.952436 3.5465785 -4.3682271 1604.631 5.4596735 0.82405043
78.952436 6.6117806 -4.5591452 1457.7931 5.4838744 0.80140738
78.952436 9.8751938 -4.7006843 1360.8419 5.5058606 0.78137632
78.952436 13.5 -4.8396882 1277.7316 5.5353924 0.75525627
79.507593 1.6199995 -4.0062599 1929.5851 5.4211044 0.86448983
79.507593 2.718664 -4.2479598 1706.4034 5.4492753 0.83690163
79.507593 4.8737831 -4.4316289 1554.7467 5.4712562 0.81598838
79.507593 8.119492 -4.5627291 1456.7462 5.4892534 0.79925501
79.507593 11.484643 -4.6816331 1374.99 5.5078201 0.78235173
79.507593 13.5 -4.752876 1329.4935 5.5206095 0.77091643
79.948318 1.0386455 -3.7738873 2159.206 5.386453 0.90216488
79.948318 1.7763087 -4.0256819 1912.7069 5.4276651 0.86035939
79.948318 3.0636471 -4.2615226 1695.9503 5.4545645 0.83412316
79.948318 5.3672489 -4.4189983 1566.2111 5.473789 0.81586434
79.948318 8.8365795 -4.5347617 1477.5473 5.4883167 0.80233194
79.948318 12.433582 -4.6274658 1413.2988 5.5037913 0.7881644
79.948318 13.5 -4.6603007 1390.8075 5.5087582 0.78367022
80.42439 1.3823253 -3.886693 2049.1607 5.410965 0.87966878
80.42439 2.4453323 -4.1279474 1819.4839 5.4457082 0.84517681
80.42439 4.4501078 -4.3259382 1643.4739 5.4669574 0.82475124
80.42439 8.0485802 -4.4625068 1532.9205 5.4825532 0.81007467
80.42439 11.178974 -4.5192277 1489.7634 5.4896648 0.80346922
80.42439 13.5 -4.5524143 1466.4023 5.4953947 0.79818636
80.865662 1.2763145 -3.8311358 2105.7093 5.4050738 0.88808178
80.865662 2.2352437 -4.0673876 1876.6516 5.4412666 0.85183713
80.865662 4.2767876 -4.2824267 1681.0472 5.4650906 0.82879012
80.865662 7.7928216 -4.3975629 1586.3735 5.4795289 0.81512724
80.865662 11.438246 -4.4582618 1537.5284 5.4858986 0.80917146
80.865662 13.5 -4.477412 1522.4867 5.4879703 0.80724374
81.454006 1.6321268 -3.9080366 2031.76 5.4230187 0.87308118
81.454006 2.9848423 -4.1246818 1825.8082 5.453995 0.84249338
81.454006 6.2213708 -4.2930945 1673.8584 5.4714619 0.82572043
81.454006 9.6671894 -4.3424039 1633.0367 5.4778802 0.81964143
81.454006 13.239814 -4.3696659 1610.8803 5.4814115 0.81631588
81.454006 13.5 -4.3711595 1609.6742 5.481604 0.816135
82.00773 1.0266884 -3.6965869 2244.145 5.3872255 0.91289838
82.00773 1.9024383 -3.9358373 2006.5177 5.4320442 0.86698795
82.00773 3.9219927 -4.1499875 1804.743 5.4620839 0.83751621
82.00773 7.5469924 -4.255716 1707.5664 5.4716613 0.82833215
82.00773 10.700463 -4.2687869 1696.1181 5.4730462 0.82701252
82.00773 13.5 -4.2726368 1692.8845 5.473581 0.82650348
82.569755 1.2765697 -3.7607482 2181.4728 5.4051485 0.89731313
82.569755 2.5083713 -3.9903421 1955.3993 5.4446851 0.85738473
82.569755 5.2003035 -4.1494952 1806.995 5.4667241 0.8359037
82.569755 8.606386 -4.2032358 1757.04 5.4717635 0.83106789
82.569755 12.137812 -4.2090454 1751.7281 5.4723133 0.83054208
82.569755 13.5 -4.2092904 1751.5211 5.472353 0.83050406
83.332008 1.1279425 -3.6832193 2262.5823 5.3950289 0.91200931
83.332008 2.2686802 -3.9073763 2038.7695 5.4382408 0.86774737
83.332008 5.1072006 -4.0663073 1885.8821 5.4617574 0.8445687
83.332008 8.6987601 -4.1076287 1847.5612 5.467416 0.83908448
83.332008 12.422489 -4.1164517 1839.5406 5.4686811 0.83786322
83.332008 13.5 -4.1172569 1838.8212 5.4688069 0.83774195
84.124245 1.1297349 -3.6522995 2296.8416 5.394325 0.91707711
84.124245 2.498952 -3.8746337 2073.6494 5.4390763 0.87102415
84.124245 5.9060024 -3.9943781 1956.7933 5.4580592 0.85219457
84.124245 9.5333695 -4.0127486 1939.3328 5.4608592 0.84945183
84.124245 12.783957 -4.014927 1937.3243 5.4612376 0.84908189
84.124245 13.5 -4.0149563 1937.3108 5.4612549 0.84906498
84.898666 2.0640219 -3.7821143 2168.356 5.4281176 0.88613398
84.898666 4.8033749 -3.9015251 2049.7648 5.4498222 0.86426532
84.898666 8.2694585 -3.9227513 2029.0262 5.4533828 0.86072969
84.898666 11.863094 -3.9245049 2027.3996 5.4537433 0.86037259
84.898666 13.5 -3.9242188 2027.7199 5.4537317 0.86038407
85.75214 1.4390292 -3.6515749 2303.4124 5.4068867 0.91261352
85.75214 3.4468291 -3.7977127 2155.7721 5.4379491 0.88055338
85.75214 7.05073 -3.8320944 2121.5413 5.4445255 0.87391164
85.75214 10.185847 -3.8339949 2119.74 5.4449503 0.87348433
85.75214 13.436336 -3.8331864 2120.6477 5.4448856 0.87354935
85.75214 13.5 -3.8331661 2120.67 5.4448835 0.87355145
86.670346 1.7948371 -3.6517246 2306.4741 5.4139696 0.91003532
86.670346 4.3823098 -3.7382533 2218.244 5.4327413 0.89057892
86.670346 7.6562203 -3.7463557 2210.174 5.4345122 0.88876501
86.670346 11.050611 -3.7457664 2210.9007 5.434494 0.88878363
86.670346 13.5 -3.7449025 2211.8689 5.4343906 0.8888894
87.661064 1.426908 -3.5637661 2399.2735 5.399472 0.93062594
87.661064 3.4659015 -3.655769 2305.9077 5.4225236 0.90625276
87.661064 7.1257933 -3.6662401 2295.3917 5.4250542 0.90361629
87.661064 10.309618 -3.6654457 2296.3504 5.4249852 0.90368809
87.661064 13.5 -3.6642527 2297.7158 5.4248248 0.90385495
88.815115 1.2657992 -3.4931749 2475.7106 5.3890415 0.94804834
88.815115 3.0636116 -3.5769654 2389.9923 5.4116184 0.92372352
88.815115 6.2905955 -3.584661 2382.3544 5.4137535 0.92145575
88.815115 9.6363323 -3.583642 2383.5772 5.4136259 0.9215911
88.815115 13.105192 -3.5823093 2385.1263 5.4134218 0.92180761
88.815115 13.5 -3.5821569 2385.3034 5.4133984 0.92183249
90.132712 1.405883 -3.4553664 2518.6872 5.3875259 0.95672258
90.132712 3.4111173 -3.5033914 2470.0982 5.4017108 0.94122532
90.132712 7.010413 -3.5048175 2468.8884 5.4022859 0.94060236
90.132712 10.141524 -3.5036398 2470.3004 5.4021015 0.94080203
90.132712 13.387859 -3.5023837 2471.8006 5.4019 0.94102034
90.132712 13.5 -3.5023403 2471.8524 5.401893 0.9410279
91.647033 1.4501666 -3.3983774 2581.255 5.3803996 0.97267366
91.647033 3.52062 -3.4268327 2552.9857 5.3897248 0.96228691
91.647033 7.2369808 -3.4263984 2553.7221 5.3897915 0.96221305
91.647033 10.469929 -3.425159 2555.2294 5.3895771 0.96245058
91.647033 13.5 -3.423992 2556.6477 5.389374 0.96267558
93.43289 2.0134665 -3.3447239 2640.5573 5.3745862 0.98870005
93.43289 4.9210352 -3.3490176 2636.6325 5.3762958 0.98675594
93.43289 9.2999681 -3.3473995 2638.6329 5.3759953 0.98709741
93.43289 13.114278 -3.3459559 2640.4088 5.3757205 0.98740973
93.43289 13.5 -3.34581 2640.5883 5.3756927 0.98744135
95.474372 1.2606452 -3.2596328 2728.8832 5.3560395 1.0210134
95.474372 3.0474009 -3.2742351 2715.3564 5.3620094 1.0140199
95.474372 7.4934206 -3.2728744 2717.1317 5.3617841 1.014283
95.474372 13.5 -3.270662 2719.8841 5.3613304 1.0148129
97.963892 2.2780214 -3.1975174 2794.1649 5.3461716 1.0460561
97.963892 5.5787259 -3.1968564 2795.1763 5.3461393 1.046095
97.963892 13.5 -3.1940454 2798.7012 5.3455177 1.0468439
101.1151 1.9067238 -3.1172036 2873.8039 5.3284283 1.08468
101.1151 4.6558103 -3.1167384 2874.5941 5.3284406 1.0846646
101.1151 11.496417 -3.1144088 2877.539 5.3278898 1.0853527
101.1151 13.5 -3.1137259 2878.4024 5.327728 1.0855548
105.03322 1.4819897 -3.0338652 2953.8083 5.3093012 1.1301095
105.03322 3.6005106 -3.0338227 2954.2076 5.3094935 1.1298593
105.03322 8.8720686 -3.0320506 2956.5081 5.3090736 1.1304056
105.03322 13.5 -3.0304888 2958.5343 5.308702 1.1308894
109.73499 1.5784431 -2.950985 3029.6082 5.2894561 1.1818226
109.73499 3.8438392 -2.9504074 3030.4453 5.2893585 1.1819554
109.73499 9.4808696 -2.9485616 3032.8129 5.2888693 1.1826213
109.73499 13.5 -2.9472351 3034.5096 5.2885144 1.1831046
115.34126 1.9727509 -2.8681801 3099.9007 5.2681361 1.241744
115.34126 4.8287349 -2.8672774 3101.0601 5.2678829 1.242106
115.34126 11.935337 -2.8649683 3103.9804 5.267209 1.2430701
115.34126 13.5 -2.8644521 3104.6278 5.267055 1.2432905
122.11071 1.3594372 -2.7849249 3164.935 5.2457179 1.3110695
122.11071 3.3093431 -2.7843452 3165.7262 5.2455725 1.3112889
122.11071 8.1613329 -2.7827281 3167.7958 5.2450907 1.3120165
122.11071 13.5 -2.7808667 3170.1275 5.2445075 1.3128978
130.13757 2.3167867 -2.700467 3227.6214 5.2229801 1.3893736
130.13757 5.6957707 -2.6993002 3229.0869 5.222602 1.3899786
130.13757 13.5 -2.696355 3232.5249 5.2215053 1.3917347
139.63549 1.0005893 -2.6183973 3279.7335 5.1993274 1.4789108
139.63549 2.4167678 -2.6179657 3280.3364 5.1992151 1.479102
139.63549 5.940673 -2.6165987 3281.958 5.1987067 1.4799681
139.63549 13.5 -2.6130465 3285.702 5.1971352 1.4826482
151.0364 1.7402741 -2.5275593 3342.5992 5.1755582 1.5807728
151.0364 4.2575666 -2.5263131 3344.1221 5.1751034 1.5816009
151.0364 10.521396 -2.5222436 3348.3474 5.1732274 1.5850205
151.0364 13.5 -2.5198474 3350.5479 5.1719725 1.5873122
163.26925 1.1217218 -2.4391043 3409.3473 5.1552738 1.682376
163.26925 2.7231603 -2.4382084 3410.4105 5.1549195 1.6830623
163.26925 6.7080518 -2.4350429 3413.5721 5.1533637 1.6860798
163.26925 13.5 -2.4262245 3422.3696 5.1490167 1.6945392
176.33534 1.7335757 -2.3555449 3473.3554 5.1374612 1.7846244
176.33534 4.2487463 -2.3536585 3474.5109 5.1361527 1.787315
176.33534 10.507296 -2.3460307 3477.596 5.1300667 1.7998823
176.33534 13.5 -2.3416582 3479.0538 5.1264223 1.8074501
191.78605 1.0671395 -2.2832393 3504.6751 5.1172275 1.9050331
191.78605 2.5942087 -2.2820205 3505.3383 5.1163374 1.9069863
191.78605 6.3940456 -2.276817 3506.9056 5.1119104 1.9167305
191.78605 13.5 -2.2643005 3509.3583 5.1006085 1.9418337
211.75911 2.4132556 -2.200059 3537.1661 5.093103 2.0581514
211.75911 5.9473251 -2.1928082 3538.1599 5.0863402 2.0742386
211.75911 13.5 -2.1763674 3539.4561 5.0705357 2.1123262
234.47303 2.3284769 -2.1181735 3566.6725 5.0698994 2.2243572
234.47303 5.739754 -2.1078834 3566.9378 5.0597386 2.2505307
234.47303 13.5 -2.0888558 3567.0271 5.0407545 2.3002602
260.42838 2.259329 -2.0349995 3595.4206 5.0462667 2.4088988
260.42838 5.5710074 -2.0213893 3594.6682 5.032293 2.4479663
260.42838 13.5 -2.0013266 3593.6523 5.0117392 2.5065843
290.08173 1.0502628 -1.9566454 3623.1918 5.0281111 2.5960461
290.08173 2.5657007 -1.9482596 3622.4547 5.0193719 2.6222977
290.08173 6.3365951 -1.9305105 3620.4852 5.0006781 2.6793467
290.08173 13.5 -1.9126252 3623.1821 4.9840863 2.7310195
323.424 1.2961726 -1.8717399 3651.0664 5.0037712 2.8190858
323.424 3.1807265 -1.856309 3651.6168 4.9886022 2.8687507
323.424 7.8700995 -1.8350849 3654.0002 4.9685115 2.935879
323.424 13.5 -1.8242956 3656.0597 4.9587011 2.9692268
359.85512 2.3170258 -1.7517147 3685.8299 4.9465637 3.1760679
359.85512 5.7242962 -1.7437837 3687.0392 4.9392026 3.2030988
359.85512 13.5 -1.7345024 3691.064 4.9318165 3.2304524
