# mass_Mjup age_Gyr logL_Lsun Teff_K logg_cgs radius_Rjup
62.853931 1.1549745 -4.322923 1646.6859 5.3602786 0.82439372
62.853931 1.8722821 -4.5756908 1450.7351 5.3929558 0.79395539
62.853931 2.859406 -4.8095538 1286.212 5.4177166 0.77164171
62.853931 4.3383797 -5.0094429 1160.6361 5.4391397 0.75284251
62.853931 7.2225492 -5.2328847 1035.5987 5.4645632 0.73112631
62.853931 10.850728 -5.4676833 914.34404 5.4830344 0.71574249
62.853931 11.217261 -5.4913474 902.69141 5.4844171 0.71460396
67.350202 1.0492213 -4.1864864 1777.0013 5.3861565 0.82832162
67.350202 1.7114619 -4.4340923 1572.8113 5.4217177 0.79509379
67.350202 2.6511881 -4.6767925 1390.0944 5.4498887 0.76972019
67.350202 4.0896389 -4.9130741 1230.005 5.4736206 0.74897432
67.350202 6.479035 -5.1066713 1115.088 5.496827 0.72922868
67.350202 10.498125 -5.345571 985.06806 5.5203549 0.70974078
67.350202 13.34687 -5.5081709 902.38126 5.5306502 0.70137799
71.711123 1.2106219 -4.1684941 1807.7576 5.4252215 0.81712838
71.711123 1.9603857 -4.4131592 1602.7348 5.4607725 0.78435881
71.711123 3.1218062 -4.6702804 1406.7294 5.4912893 0.7572798
71.711123 4.7106488 -4.8928006 1254.129 5.5143361 0.73745069
71.711123 7.2951633 -5.0879124 1135.3953 5.5366675 0.7187325
71.711123 11.646385 -5.3209107 1006.3323 5.560043 0.69964789
71.711123 13.5 -5.4140325 957.47399 5.5667071 0.6943005
73.329586 1.1081926 -4.0852831 1888.3265 5.4274509 0.82417978
73.329586 1.7917544 -4.3302929 1674.9207 5.4641292 0.79010129
73.329586 2.821413 -4.5701473 1485.682 5.4957101 0.76189008
73.329586 4.3554417 -4.8110059 1312.7843 5.5216387 0.73948272
73.329586 6.6428075 -5.0248383 1175.5366 5.5436422 0.72098511
73.329586 11.02448 -5.2575602 1043.6564 5.5696497 0.69971722
73.329586 13.5 -5.3790591 978.56485 5.5792769 0.69200456
76.806071 1.1659543 -4.0202559 1961.4598 5.4485492 0.82324848
76.806071 1.9000732 -4.2711883 1735.0836 5.4864456 0.7881026
76.806071 3.0029631 -4.5085135 1542.7278 5.5196464 0.7585467
76.806071 4.5276991 -4.7421609 1369.316 5.5461514 0.73574931
76.806071 6.8396549 -4.9752794 1213.3398 5.5691847 0.71649504
76.806071 11.096208 -5.1934434 1086.1312 5.5949482 0.695555
76.806071 13.5 -5.306151 1023.7643 5.6049265 0.68761018
79.557475 1.4772307 -4.0567558 1936.0218 5.4776579 0.81025052
79.557475 2.4092183 -4.3007006 1718.7447 5.5148072 0.77632697
79.557475 3.8061523 -4.5474476 1520.3969 5.5485366 0.74675816
79.557475 5.7105754 -4.783807 1347.5158 5.5752035 0.72417996
79.557475 8.557552 -5.0197749 1192.1865 5.5984128 0.70508566
79.557475 13.209874 -5.229991 1071.0311 5.6224604 0.68583248
79.557475 13.5 -5.2448526 1062.6296 5.6236413 0.6849007
80.16019 1.0285293 -3.8526345 2138.7854 5.4498422 0.83978099
80.16019 1.6778155 -4.1001424 1897.2628 5.4891911 0.80258599
80.16019 2.7808443 -4.3510283 1678.5643 5.5273191 0.7681174
80.16019 4.3646663 -4.6035508 1479.3081 5.5603242 0.73947766
80.16019 6.5253707 -4.8386565 1311.5425 5.5863248 0.71766989
80.16019 9.5458324 -5.0522696 1174.4081 5.6080846 0.69991427
80.16019 13.5 -5.228437 1073.0532 5.6274609 0.68447361
81.802528 1.5769836 -4.0005901 1997.2088 5.4876308 0.81222386
81.802528 2.5854679 -4.2410365 1776.7201 5.5248594 0.77814658
81.802528 4.1147579 -4.492617 1569.0441 5.5605044 0.74685957
81.802528 6.0700932 -4.7294763 1391.3154 5.5885255 0.72314999
81.802528 8.909544 -4.968777 1229.4361 5.6129476 0.70310035
81.802528 13.280542 -5.1749919 1106.6022 5.6363048 0.68444529
81.802528 13.5 -5.1861861 1100.1064 5.6372718 0.68368374
83.36552 1.2527832 -3.8277331 2175.4796 5.4715197 0.83529747
83.36552 2.2084088 -4.0822003 1924.7574 5.5132709 0.79609625
83.36552 3.6655851 -4.3329649 1703.1824 5.5515762 0.76175077
83.36552 5.5264152 -4.5788216 1506.6193 5.5844023 0.73349955
83.36552 8.0123787 -4.8185691 1333.3995 5.6119768 0.71057938
83.36552 11.229576 -5.0419656 1187.3097 5.6337883 0.69295793
83.36552 13.5 -5.1387642 1130.4212 5.6452919 0.68384085
83.881615 1.2812265 -3.8154974 2189.9068 5.4734468 0.83602215
83.881615 2.2827711 -4.0663179 1941.5205 5.5151327 0.79684677
83.881615 3.8274087 -4.3197828 1715.8718 5.5539691 0.76200291
83.881615 5.7722744 -4.5698505 1514.7644 5.5874778 0.73316594
83.881615 8.3359777 -4.8125565 1338.8411 5.6157195 0.70971079
83.881615 11.663469 -5.0421239 1188.3021 5.6380783 0.69167492
83.881615 13.5 -5.1202203 1142.1943 5.6474271 0.68427015
85.156248 1.2024969 -3.7318008 2282.6313 5.4683405 0.84731669
85.156248 2.2424237 -3.973697 2034.8789 5.5106479 0.80703442
85.156248 4.0109158 -4.236211 1791.4557 5.5518319 0.76966207
85.156248 6.1527827 -4.4935107 1577.3926 5.5880665 0.73821488
85.156248 8.7088261 -4.7415506 1391.5447 5.6183358 0.71293203
85.156248 11.887939 -4.978793 1230.8358 5.6423901 0.69345933
85.156248 13.5 -5.0623744 1178.9219 5.6511112 0.68653144
85.896126 1.6331079 -3.8091002 2203.4192 5.4880425 0.83190422
85.896126 3.1888862 -4.0569155 1957.3585 5.5301507 0.79253641
85.896126 5.5898133 -4.3362758 1707.8371 5.5726153 0.75472186
85.896126 7.8612047 -4.5754076 1515.7545 5.6044768 0.72753884
85.896126 10.886518 -4.8285442 1333.0073 5.634428 0.70287898
85.896126 13.5 -5.0124865 1210.8426 5.6513909 0.68928547
86.220667 1.2417752 -3.692416 2329.4473 5.4696191 0.8513417
86.220667 2.3657973 -3.9160265 2095.4605 5.5093359 0.81329013
86.220667 4.4669594 -4.170416 1853.4147 5.5504979 0.77564767
86.220667 6.9247871 -4.42834 1632.6513 5.5881052 0.74278111
86.220667 9.5432296 -4.6781681 1439.9754 5.6197799 0.71618221
86.220667 12.771619 -4.9222309 1270.515 5.6463416 0.69461263
86.220667 13.5 -4.9746802 1235.8812 5.6507785 0.69107342
86.799234 1.2842522 -3.6732829 2353 5.4708666 0.85296738
86.799234 2.403864 -3.8754026 2138.4094 5.506862 0.81834176
86.799234 4.7472948 -4.1197599 1901.3527 5.5471066 0.78129027
86.799234 7.7145994 -4.3946035 1661.9508 5.5881721 0.74521171
86.799234 10.46688 -4.6485257 1463.2892 5.6209423 0.71762003
86.799234 13.5 -4.8798726 1300.314 5.6471615 0.69628165
87.157568 1.5883902 -3.7273744 2294.1428 5.4827414 0.84312042
87.157568 3.2073551 -3.9294113 2085.6438 5.5192571 0.80841022
87.157568 6.267791 -4.1863354 1842.0665 5.5604418 0.77097344
87.157568 9.529464 -4.4726779 1599.3447 5.6013315 0.73552017
87.157568 12.520123 -4.7262641 1407.687 5.6331737 0.70904446
87.157568 13.5 -4.7988122 1356.7282 5.6416689 0.70214349
87.303558 1.3076276 -3.6510718 2379.8798 5.4709039 0.855405
87.303558 2.6102714 -3.8555823 2160.4259 5.5073519 0.82025292
87.303558 5.6213187 -4.10578 1916.0795 5.5490462 0.78180899
87.303558 8.7353157 -4.3547664 1696.3847 5.5864758 0.74883453
87.303558 11.450383 -4.5940799 1505.2564 5.6181339 0.72203257
87.303558 13.5 -4.758518 1385.1274 5.6380889 0.70563366
87.607073 1.2614295 -3.6202139 2416.1125 5.4678018 0.85995645
87.607073 2.4616254 -3.8144521 2203.7064 5.5021864 0.82657864
87.607073 5.4480969 -4.0347404 1984.4356 5.5404077 0.79099459
87.607073 8.6276885 -4.2482709 1788.4855 5.5733318 0.76157284
87.607073 11.927707 -4.5196756 1563.1946 5.610847 0.72938
87.607073 13.5 -4.6481851 1465.6312 5.6274032 0.71560898
87.799918 1.4687702 -3.659738 2371.8417 5.476155 0.85266282
87.799918 2.8988758 -3.8356171 2182.7086 5.5076744 0.82227606
87.799918 6.4574362 -4.0542487 1966.4869 5.5450871 0.7876101
87.799918 9.7320696 -4.2531954 1784.858 5.5756843 0.76034849
87.799918 13.151447 -4.5242606 1560.1201 5.612967 0.72840232
87.799918 13.5 -4.5530808 1537.6997 5.6166412 0.72532768
87.874343 1.5578805 -3.6731136 2357.009 5.4790008 0.85023391
87.874343 3.1172806 -3.8446422 2173.7895 5.5099544 0.82046796
87.874343 6.4569466 -4.0368739 1983.3216 5.5428886 0.78994073
87.874343 9.9195122 -4.2351659 1800.7639 5.5734352 0.76264288
87.874343 13.322284 -4.4943256 1583.9847 5.6097717 0.73139665
87.874343 13.5 -4.5095924 1571.8523 5.6116815 0.72979026
88.013293 1.1273851 -3.5593617 2487.331 5.4594245 0.87030137
88.013293 2.4226554 -3.7756147 2245.6165 5.4980854 0.83241365
88.013293 5.6457022 -3.965082 2053.5374 5.5322209 0.80033439
88.013293 9.0771672 -4.128457 1897.3647 5.5581887 0.77676127
88.013293 12.63491 -4.3458194 1705.9687 5.590832 0.74811077
88.013293 13.5 -4.4111537 1651.7475 5.6000567 0.74020761
88.045479 1.1688634 -3.5699043 2475.3505 5.4617383 0.86814474
88.045479 2.5135666 -3.7810234 2240.0096 5.4993101 0.83139275
88.045479 5.8596185 -3.9684257 2050.3752 5.5330462 0.79972041
88.045479 9.4220428 -4.1333637 1893.0003 5.5592535 0.77595144
88.045479 12.614433 -4.3218121 1726.5052 5.5877708 0.75088923
88.045479 13.5 -4.3864288 1672.2432 5.5969137 0.74302673
88.175654 1.4607113 -3.6343812 2401.9692 5.4745797 0.85603643
88.175654 3.2738657 -3.821165 2199.0368 5.5080238 0.82370218
88.175654 6.5283877 -3.9684617 2050.8062 5.534089 0.79935118
88.175654 9.902676 -4.101456 1923.0513 5.5553483 0.78002402
88.175654 13.401138 -4.2789517 1763.6704 5.5825502 0.7559743
88.175654 13.5 -4.2848817 1758.5667 5.5834459 0.75519515
88.303847 1.076842 -3.529732 2522.311 5.4554863 0.87569817
88.303847 2.3286117 -3.7434098 2280.9055 5.4943987 0.83733307
88.303847 5.4434153 -3.9016259 2117.5619 5.5235301 0.80971567
88.303847 8.7596376 -4.0100024 2010.7699 5.5420116 0.79266883
88.303847 12.197897 -4.1300705 1896.8844 5.5607937 0.77571241
88.303847 13.5 -4.1841622 1847.7524 5.5692971 0.76815533
88.431124 1.1172617 -3.5347359 2517.0742 5.4575052 0.87429453
88.431124 2.3745706 -3.7374166 2287.734 5.494224 0.83810479
88.431124 5.5031576 -3.8810043 2138.8934 5.5209462 0.81271309
88.431124 8.8340547 -3.9708577 2049.4093 5.5365577 0.79823631
88.431124 12.287529 -4.0597136 1963.4837 5.5510081 0.78506621
88.431124 13.5 -4.0948572 1930.1907 5.5564434 0.78016896
88.573643 1.1221977 -3.5290381 2524.0954 5.4573458 0.87515936
88.573643 2.3950823 -3.7277821 2298.4586 5.4934135 0.839563
88.573643 5.5624262 -3.8569244 2163.9423 5.5177917 0.81632703
88.573643 8.9345864 -3.9284468 2091.8648 5.5304659 0.8045019
88.573643 12.430842 -3.9878814 2033.3437 5.5406092 0.79516165
88.573643 13.5 -4.0061856 2015.4706 5.543576 0.79245025
88.73437 1.1893081 -3.5370394 2515.5329 5.4602314 0.87304779
88.73437 2.7924246 -3.7380941 2288.0281 5.4966115 0.83723614
88.73437 6.2257152 -3.8418078 2180.0241 5.5163249 0.81844828
88.73437 9.7853509 -3.8925109 2128.4618 5.5254463 0.80989839
88.73437 13.5 -3.9251157 2095.8797 5.5312531 0.80450206
88.932628 1.1992361 -3.5288871 2525.5675 5.4599642 0.87429141
88.932628 2.8462394 -3.7229809 2304.9858 5.4952951 0.83944217
88.932628 6.3735197 -3.8072209 2216.3075 5.5113822 0.82403796
88.932628 10.030604 -3.8396141 2183.1376 5.5175797 0.81817929
88.932628 13.208479 -3.8527181 2169.8459 5.5200749 0.81583228
88.932628 13.5 -3.8535527 2169.0012 5.5202331 0.81568373
89.203762 1.3345867 -3.5434485 2509.8755 5.4650205 0.87054077
89.203762 3.190568 -3.7116003 2318.566 5.4954415 0.84057917
89.203762 7.3798827 -3.7823625 2246.9813 5.5117236 0.82496885
89.203762 11.064138 -3.8148232 2212.7543 5.5175193 0.81948257
89.203762 13.5 -3.823616 2203.7139 5.5192002 0.81789824
89.599436 1.2666128 -3.5075239 2552.2955 5.460133 0.87739246
89.599436 3.0841042 -3.669105 2367.6308 5.4912462 0.84652013
89.599436 7.1865401 -3.713249 2319.7133 5.4998717 0.83815544
89.599436 10.79439 -3.7176398 2314.9225 5.500671 0.83738451
89.599436 13.5 -3.7190005 2315.5868 5.5025301 0.83559405
89.784615 1.2652868 -3.4976996 2564.0969 5.4592194 0.87922301
89.784615 3.0806582 -3.6514385 2388.2928 5.4895708 0.84903055
89.784615 6.3391595 -3.6858956 2349.4883 5.4955708 0.84318589
89.784615 9.7175737 -3.6872264 2348.1484 5.4959106 0.84285614
89.784615 13.220313 -3.6854412 2350.321 5.495732 0.84302946
89.784615 13.5 -3.6852807 2350.5147 5.4957147 0.84304623
90.314788 1.2514246 -3.4679768 2599.7764 5.4560598 0.88502863
90.314788 3.0457842 -3.6010899 2447.7527 5.484499 0.85652039
90.314788 6.2665702 -3.6269984 2418.2341 5.4893307 0.851769
90.314788 9.6058812 -3.6268467 2418.5891 5.489434 0.85166774
90.314788 13.068079 -3.6248758 2421.0345 5.4892187 0.85187893
90.314788 13.5 -3.6246177 2421.3537 5.4891896 0.85190748
91.063209 1.5187377 -3.4631094 2608.1065 5.4603338 0.88432595
91.063209 3.710479 -3.5429773 2517.2063 5.4785757 0.86594721
91.063209 7.0113426 -3.5508115 2508.421 5.4803363 0.86419368
91.063209 10.433678 -3.5490944 2510.6169 5.4801392 0.86438978
91.063209 13.5 -3.5471418 2513.0609 5.4798769 0.86465086
91.852671 1.9314089 -3.4434406 2633.7618 5.4614184 0.88704256
91.852671 4.7369912 -3.4771759 2595.0686 5.4694431 0.8788851
91.852671 8.2868743 -3.476612 2595.9849 5.4694926 0.87883508
91.852671 11.967393 -3.474232 2598.983 5.4691177 0.87921446
91.852671 13.5 -3.47322 2600.2589 5.4689583 0.87937585
92.742278 1.4159121 -3.3602645 2732.6016 5.4464276 0.90684452
92.742278 3.4535434 -3.4067247 2679.5341 5.4588197 0.89399857
92.742278 7.1109902 -3.4075191 2678.9555 5.459239 0.89356708
92.742278 10.292688 -3.405511 2681.5479 5.4589111 0.89390449
92.742278 13.5 -3.4034401 2684.2129 5.4585658 0.89425989
93.795387 2.2302634 -3.3314497 2769.5378 5.4458404 0.91259547
93.795387 5.479719 -3.3374842 2762.9851 5.4477599 0.91058091
93.795387 8.9393006 -3.335394 2765.7482 5.4474062 0.91095187
93.795387 12.116135 -3.3333925 2768.3806 5.4470572 0.91131788
93.795387 13.5 -3.3325206 2769.5275 5.446905 0.91147765
94.999647 1.339556 -3.2477704 2868.4715 5.4286747 0.93676668
94.999647 3.2627989 -3.2693241 2844.5697 5.4356925 0.92922848
94.999647 6.7149242 -3.2678733 2846.6307 5.4354999 0.92943452
94.999647 10.294088 -3.2656761 2849.5474 5.4350817 0.92988215
94.999647 13.5 -3.263707 2852.1617 5.4347057 0.93028475
96.415881 1.5024136 -3.193151 2934.8513 5.4202241 0.95294975
96.415881 3.6674136 -3.2008372 2926.5417 5.4229848 0.94992575
96.415881 6.9280035 -3.1989844 2929.1086 5.4226549 0.95028656
96.415881 10.308583 -3.1969605 2931.8865 5.4222777 0.95069934
96.415881 13.5 -3.195051 2934.5083 5.4219211 0.95108979
98.133109 2.3836003 -3.1304889 3010.2815 5.409313 0.97355174
98.133109 5.8596313 -3.1290514 3012.3605 5.4090748 0.97381882
98.133109 10.257828 -3.1265487 3015.7064 5.4085006 0.97446273
98.133109 13.5 -3.124707 3018.1687 5.4080767 0.97493842
100.08342 1.831804 -3.0641129 3084.8119 5.3939698 1.0007
100.08342 4.4869402 -3.0635338 3085.884 5.3939944 1.0006718
100.08342 11.093769 -3.0599773 3090.664 5.3931267 1.0016719
100.08342 13.5 -3.0586829 3092.4041 5.3928101 1.0020371
102.6932 1.6549938 -2.9914101 3163.1677 5.3760208 1.0348281
102.6932 4.046879 -2.9907289 3164.2955 5.3759588 1.034902
102.6932 9.9986546 -2.9877477 3168.2894 5.3751689 1.0358436
102.6932 13.5 -2.9859934 3170.6397 5.3747028 1.0363996
106.00907 2.0850395 -2.9162196 3239.8253 5.3562292 1.0756344
106.00907 5.1181514 -2.9148481 3241.6695 5.3558462 1.0761089
106.00907 12.665504 -2.9113317 3246.3588 5.3548409 1.077355
106.00907 13.5 -2.9109426 3246.876 5.3547286 1.0774943
110.33133 1.3135355 -2.8364564 3315.6766 5.3340241 1.1257583
110.33133 3.1995842 -2.8358301 3316.6402 5.3339025 1.1259159
110.33133 7.8926768 -2.8337605 3319.4216 5.3332891 1.1267112
110.33133 13.5 -2.8312566 3322.7677 5.3325355 1.1276893
115.66043 1.1208191 -2.7551802 3388.2903 5.3108676 1.1837674
115.66043 2.7226718 -2.754672 3389.0971 5.310773 1.1838964
115.66043 6.7085937 -2.7529567 3391.4046 5.3102401 1.184623
115.66043 13.5 -2.7499332 3395.405 5.3092645 1.1859543
122.21045 1.2183944 -2.6724431 3456.404 5.2866295 1.2512589
122.21045 2.9689154 -2.671755 3457.3475 5.2864156 1.2515672
122.21045 7.3247721 -2.6698858 3459.7898 5.2857731 1.2524932
122.21045 13.5 -2.6670148 3463.3928 5.2847103 1.2540267
130.1098 2.2142866 -2.5884316 3520.8986 5.2619358 1.3282961
130.1098 5.4526264 -2.586945 3522.8627 5.261418 1.3290881
130.1098 13.5 -2.5825812 3528.0312 5.259601 1.3318714
139.4655 1.0163436 -2.5056235 3578.1909 5.2373245 1.4147475
139.4655 2.4739884 -2.5050112 3578.9534 5.2370823 1.415142
139.4655 6.1010753 -2.5031644 3580.9642 5.2362112 1.416562
139.4655 13.5 -2.4981087 3585.4751 5.2333425 1.4212482
150.54093 1.3189397 -2.4213332 3632.2058 5.2122497 1.5129
150.54093 3.2241101 -2.4201897 3633.5334 5.211741 1.5137863
150.54093 7.9647838 -2.4161599 3637.3236 5.2095224 1.5176579
150.54093 13.5 -2.4096058 3642.4619 5.2054206 1.5248417
163.05514 1.9443749 -2.3332985 3695.0458 5.1886924 1.6178149
163.05514 4.7836186 -2.3302635 3697.9136 5.1870052 1.6209605
163.05514 8.3760931 -2.3245653 3702.5737 5.1834948 1.6275249
163.05514 12.100771 -2.317069 3708.6593 5.1788513 1.6362488
163.05514 13.5 -2.3140094 3711.1533 5.1769595 1.6398165
176.1458 2.1183151 -2.2441785 3774.214 5.169937 1.7182068
176.1458 5.2192259 -2.2387466 3777.6511 5.1660864 1.7258407
176.1458 8.520657 -2.2315346 3780.0516 5.1599779 1.7380208
176.1458 11.943581 -2.2239015 3781.8404 5.1531667 1.7517034
176.1458 13.5 -2.2205558 3782.6065 5.1501729 1.7577516
190.14777 2.3369489 -2.1757961 3805.1898 5.1489727 1.8288035
190.14777 5.7656658 -2.1676841 3807.1801 5.1417692 1.8440335
190.14777 9.4161007 -2.1578869 3809.0019 5.132803 1.8631675
190.14777 12.68736 -2.1500023 3810.4036 5.1255576 1.8787742
190.14777 13.5 -2.1482125 3810.7249 5.1239142 1.8823323
