# mass_Mjup age_Gyr logL_Lsun Teff_K logg_cgs radius_Rjup
62.853931 1.5934185 -4.3874706 1491.9692 5.2534227 0.93231497
62.853931 3.2441888 -4.6496554 1331.996 5.3185796 0.86493645
62.853931 5.2116064 -4.8754146 1195.9314 5.3571522 0.82736647
62.853931 9.7594457 -5.1381463 1057.9789 5.406967 0.78125086
62.853931 13.5 -5.3169785 967.37111 5.4302635 0.76057531
64.130158 1.151194 -4.2684992 1572.9446 5.2349954 0.96192503
64.130158 2.0165602 -4.4344161 1469.0202 5.2821696 0.91107496
64.130158 3.9140518 -4.7153518 1292.8224 5.3411497 0.85126366
64.130158 6.3479056 -4.9164958 1177.2807 5.3796583 0.81434757
64.130158 11.764433 -5.1930425 1033.5072 5.429939 0.76854522
64.130158 13.5 -5.2747272 991.8274 5.4401141 0.75959466
66.863592 1.5446211 -4.3173289 1549.165 5.2754895 0.93747111
66.863592 2.9161435 -4.4896502 1444.3665 5.3261296 0.88437778
66.863592 5.4256848 -4.767027 1267.9478 5.3772023 0.83387596
66.863592 9.2713997 -4.9682159 1158.6447 5.4217869 0.7921532
66.863592 13.5 -5.1563077 1060.9291 5.456823 0.76083611
68.521043 1.0798419 -4.1694108 1661.5066 5.2598232 0.96629153
68.521043 1.7814215 -4.3278517 1547.1367 5.2943705 0.92861248
68.521043 3.5271761 -4.5017041 1441.3122 5.3451404 0.87588993
68.521043 6.8480131 -4.7856185 1260.8407 5.3966634 0.8254448
68.521043 13.020297 -5.0358079 1129.8779 5.4563381 0.77063851
68.521043 13.5 -5.0549294 1120.0196 5.4602359 0.76718798
69.171855 1.4127179 -4.2589967 1594.5858 5.2820978 0.94628854
69.171855 2.4547678 -4.4024922 1499.6787 5.3189946 0.90693296
69.171855 5.0477215 -4.6031673 1379.1085 5.3740706 0.85121094
69.171855 8.6595499 -4.8366243 1233.9557 5.4143322 0.81265535
69.171855 13.5 -5.0170419 1141.2994 5.4591498 0.77178719
70.214442 1.378497 -4.2249672 1623.8598 5.2861679 0.94893632
70.214442 2.2617672 -4.3513714 1536.4982 5.3165061 0.91636382
70.214442 4.4596263 -4.5068765 1442.2025 5.361988 0.86961495
70.214442 8.5976007 -4.7694753 1273.9577 5.4091019 0.82370182
70.214442 13.5 -4.9424826 1181.9243 5.4518477 0.78414636
71.27942 1.0476618 -4.0381422 1789.7875 5.2748923 0.96859826
71.27942 1.6291567 -4.2556128 1603.3523 5.3012729 0.93962249
71.27942 2.9850032 -4.3832782 1518.4483 5.3344225 0.90443762
71.27942 6.3587831 -4.5455895 1421.3269 5.3819097 0.85631787
71.27942 9.9507283 -4.7336489 1297.701 5.4118917 0.82726381
71.27942 13.5 -4.8336492 1240.5893 5.4337055 0.8067465
71.97269 1.3116922 -4.1604737 1681.708 5.2932239 0.95297101
71.97269 1.9444964 -4.278729 1589.5334 5.3135555 0.93092329
71.97269 3.5191157 -4.3917838 1514.7153 5.3428558 0.90004404
71.97269 6.8913757 -4.516303 1440.6261 5.380256 0.86211189
71.97269 10.387735 -4.6561804 1350.078 5.4073637 0.83562187
71.97269 13.5 -4.7546303 1286.4926 5.4220073 0.82165211
72.25796 1.3080907 -4.150426 1690.9072 5.2943709 0.95359763
72.25796 1.9331973 -4.2717234 1594.928 5.3141535 0.93212438
72.25796 3.4886625 -4.3768512 1525.434 5.3418907 0.90282856
72.25796 6.8199014 -4.492906 1454.9961 5.3758191 0.86824257
72.25796 10.27373 -4.6025808 1386.9392 5.4022763 0.84219465
72.25796 13.5 -4.712202 1313.6962 5.4176476 0.82742156
72.712504 1.3272739 -4.1418597 1699.5793 5.2974146 0.95324605
72.712504 1.9660047 -4.2644265 1601.156 5.3163504 0.93268961
72.712504 3.5553714 -4.3595339 1538.1114 5.3416743 0.90588935
72.712504 7.5102243 -4.4746179 1466.7184 5.3741941 0.87260014
72.712504 11.149531 -4.5548244 1418.7916 5.396688 0.85029241
72.712504 13.5 -4.6176353 1377.7893 5.4085557 0.83875374
72.834697 1.2818019 -4.1127707 1726.6991 5.2965557 0.95499058
72.834697 2.0163411 -4.2667751 1599.7413 5.3178926 0.93181703
72.834697 3.8441097 -4.3663728 1533.9332 5.344517 0.90368782
72.834697 8.392183 -4.4817345 1462.8366 5.3774362 0.87007928
72.834697 11.9204 -4.552073 1420.7715 5.3970883 0.85061447
72.834697 13.5 -4.5853195 1400.0971 5.4048706 0.84302732
73.212819 1.4811087 -4.1629818 1684.2869 5.3058133 0.94731562
73.212819 2.2776684 -4.2758272 1594.8245 5.323846 0.92785116
73.212819 4.2597637 -4.3626921 1537.3937 5.3469996 0.90344459
73.212819 8.5046887 -4.4501427 1481.9933 5.3706949 0.87913157
73.212819 12.193377 -4.4986788 1453.7757 5.3858357 0.86393985
73.212819 13.5 -4.5154476 1443.9126 5.3907785 0.85903742
73.329586 1.4099746 -4.1449207 1699.4118 5.3039746 0.95007979
73.329586 2.0882339 -4.2558517 1609.9933 5.3210073 0.93163057
73.329586 3.7759602 -4.3403824 1552.4223 5.3422813 0.9090897
73.329586 7.9755631 -4.4336575 1491.7138 5.3662588 0.88433735
73.329586 11.233451 -4.4713278 1470.0513 5.3785171 0.87194451
73.329586 13.5 -4.4961485 1455.5292 5.3860915 0.86437387
73.934624 1.4940043 -4.1436079 1703.1085 5.3100052 0.94739068
73.934624 2.2278026 -4.2452448 1620.4822 5.3252498 0.93090811
73.934624 4.0537277 -4.3192081 1568.0937 5.3421241 0.91299762
73.934624 7.964193 -4.3805864 1527.5549 5.3580017 0.89645992
73.934624 12.018563 -4.4092172 1508.4348 5.3647513 0.88952066
73.934624 13.5 -4.4151946 1504.4237 5.3661032 0.88813735
74.68201 1.305024 -4.0001416 1841.6505 5.3067665 0.95572402
74.68201 1.9779165 -4.1888003 1668.6183 5.3240244 0.93692224
74.68201 3.3823364 -4.2736947 1600.1785 5.3361646 0.92391811
74.68201 6.8769826 -4.309314 1576.6699 5.3460733 0.91343815
74.68201 10.092801 -4.3225195 1567.9298 5.3496221 0.90971371
74.68201 13.5 -4.3282138 1564.1782 5.3511548 0.90810985
75.515854 1.2158905 -3.9178023 1922.8212 5.3041762 0.96391501
75.515854 1.969408 -4.1576365 1697.1358 5.3271211 0.93878529
75.515854 3.3320033 -4.2212939 1645.094 5.3366751 0.92851578
75.515854 6.7225764 -4.2496792 1622.1768 5.3406902 0.92423363
75.515854 11.828936 -4.2519791 1620.3799 5.3410648 0.92383509
75.515854 13.5 -4.251878 1620.4799 5.3410709 0.92382858
76.608191 1.3523222 -3.9184368 1926.2615 5.3141531 0.95977366
76.608191 2.5117378 -4.1365086 1720.5554 5.3360386 0.93589276
76.608191 4.8310998 -4.1674249 1693.0754 5.3389854 0.93272298
76.608191 8.3241659 -4.1698741 1691.1002 5.3394068 0.93227059
76.608191 11.945777 -4.1696463 1691.3396 5.3394249 0.93225116
76.608191 13.5 -4.1694712 1691.5063 5.339421 0.93225535
77.5276 1.8927398 -3.992148 1861.6121 5.3337412 0.9439855
77.5276 3.6057858 -4.102035 1756.2009 5.3423682 0.93465608
77.5276 7.1159912 -4.1069312 1751.6922 5.3427989 0.9341928
77.5276 10.755372 -4.1065136 1752.1481 5.3428334 0.93415566
77.5276 13.5 -4.1061712 1752.5178 5.3428574 0.93412983
78.418509 1.4458639 -3.8812269 1964.1089 5.3208879 0.96354745
78.418509 2.667899 -4.0171358 1840.8085 5.3441689 0.93806431
78.418509 5.7087135 -4.0473982 1811.5933 5.3466397 0.93539972
78.418509 8.9461621 -4.0472137 1811.8391 5.3466909 0.93534453
78.418509 12.302749 -4.0467469 1812.3589 5.3467224 0.93531062
78.418509 13.5 -4.0465796 1812.5451 5.3467336 0.93529858
79.651456 1.7817294 -3.8788332 1970.3289 5.3307619 0.96011592
79.651456 3.4655106 -3.9478733 1912.1155 5.3477037 0.94157038
79.651456 7.0715553 -3.9666215 1895.7692 5.3515372 0.9374239
79.651456 10.205079 -3.9664264 1896.0454 5.3515951 0.93736139
79.651456 13.453917 -3.9659008 1896.6549 5.3516279 0.93732605
79.651456 13.5 -3.9658933 1896.6635 5.3516284 0.93732555
80.996661 1.0525105 -3.6615554 2183.5708 5.2992718 1.0039347
80.996661 2.4963337 -3.862148 1988.9294 5.3376727 0.96051684
80.996661 6.063509 -3.8803951 1973.5662 5.3424492 0.95524936
80.996661 9.34607 -3.8806304 1973.4532 5.3425849 0.95510004
80.996661 12.646372 -3.8800768 1974.0084 5.34252 0.95517146
80.996661 13.5 -3.8799236 1974.1605 5.3425006 0.95519274
82.418785 1.3655295 -3.6818955 2171.3847 5.3174489 0.99173677
82.418785 3.2824877 -3.7935732 2066.8391 5.3434061 0.96253786
82.418785 6.7233323 -3.7966797 2063.5326 5.3437314 0.96217749
82.418785 10.2908 -3.7959134 2064.5329 5.3438069 0.96209383
82.418785 13.5 -3.7952216 2065.436 5.3438749 0.96201854
83.604105 1.1423502 -3.6083426 2239.2743 5.3035794 1.0149201
83.604105 2.7252939 -3.7166239 2145.6048 5.3376306 0.97590219
83.604105 6.1153819 -3.7306186 2133.5297 5.3418211 0.97120528
83.604105 9.6302251 -3.7302324 2134.0026 5.3418198 0.97120667
83.604105 13.5 -3.7294151 2134.8658 5.3417051 0.97133495
85.159448 1.2303147 -3.5767625 2272.1839 5.3053494 1.0222321
85.159448 2.9420362 -3.6506835 2208.2953 5.329725 0.99394352
85.159448 6.607919 -3.6559895 2203.8287 5.3315138 0.99189862
85.159448 9.7934402 -3.6553662 2204.5198 5.3314351 0.99198847
85.159448 13.096189 -3.6546468 2205.3003 5.3313307 0.99210779
85.159448 13.5 -3.6545587 2205.3958 5.3313178 0.99212244
87.232336 1.4727019 -3.5368108 2313.6365 5.3072489 1.0323384
87.232336 3.5434087 -3.5689961 2286.3225 5.3188037 1.0186962
87.232336 7.2602245 -3.5692957 2286.2695 5.319063 1.0183921
87.232336 10.493568 -3.56859 2287.0497 5.3189501 1.0185245
87.232336 13.5 -3.5679274 2287.7807 5.3188426 1.0186505
89.529991 2.0544217 -3.4824526 2367.4038 5.3040906 1.0496554
89.529991 4.9898494 -3.4878293 2363.1159 5.306318 1.0469671
89.529991 8.7040249 -3.4870512 2364.0057 5.3061939 1.0471167
89.529991 11.944281 -3.4863327 2364.8151 5.3060701 1.047266
89.529991 13.5 -3.4859877 2365.2038 5.3060106 1.0473377
92.098495 1.3944592 -3.3957462 2447.542 5.2874994 1.0851364
92.098495 3.3476819 -3.4092904 2436.7141 5.2933414 1.0778624
92.098495 8.2079248 -3.408407 2437.8066 5.2932367 1.0779924
92.098495 13.5 -3.4072191 2439.1805 5.2930275 1.0782521
95.3149 1.3061401 -3.3161017 2521.0894 5.2741955 1.1209607
95.3149 3.129753 -3.3252958 2514.1166 5.2785784 1.1153187
95.3149 6.4030475 -3.3246561 2514.9133 5.2784891 1.1154333
95.3149 9.7967992 -3.3238877 2515.8215 5.2783479 1.1156146
95.3149 13.315441 -3.3230905 2516.7638 5.2782013 1.115803
95.3149 13.5 -3.3230487 2516.8133 5.2781936 1.1158129
99.136202 2.0333839 -3.2392683 2591.8372 5.2625115 1.1586924
99.136202 4.9428686 -3.2391324 2592.2481 5.2626511 1.1585062
99.136202 9.324687 -3.2381193 2593.4554 5.2624468 1.1587787
99.136202 13.5 -3.2371519 2594.6074 5.262251 1.15904
103.46109 2.2941404 -3.1563525 2663.5369 5.2455445 1.2070466
103.46109 5.5961939 -3.1556652 2664.4048 5.2454231 1.2072153
103.46109 13.5 -3.1537895 2666.6362 5.2450017 1.2078011
108.59275 1.9359771 -3.0727021 2731.3364 5.2265838 1.2639104
108.59275 4.7111038 -3.0721579 2732.0446 5.22649 1.2640469
108.59275 11.616507 -3.0705228 2733.9758 5.2260824 1.2646402
108.59275 13.5 -3.0700737 2734.5054 5.2259698 1.2648042
114.72244 1.8809634 -2.9879668 2796.4234 5.206607 1.3293167
114.72244 4.5817038 -2.9873529 2797.1982 5.2064743 1.3295197
114.72244 11.30201 -2.9856834 2799.2011 5.2060483 1.3301721
114.72244 13.5 -2.9851308 2799.8589 5.2059039 1.3303932
121.93868 1.7575693 -2.9040465 2855.587 5.1855497 1.4041182
121.93868 4.276484 -2.9034946 2856.2195 5.1853825 1.4043884
121.93868 8.0700859 -2.9025997 2857.1949 5.1850807 1.4048766
121.93868 12.757797 -2.9014638 2858.4109 5.184684 1.4055183
121.93868 13.5 -2.9012808 2858.6047 5.1846188 1.4056239
130.53493 1.1509189 -2.8201697 2908.4034 5.1630951 1.4908145
130.53493 2.7603737 -2.8199938 2908.7893 5.1631497 1.4907208
130.53493 6.2072385 -2.819081 2909.8025 5.1628419 1.4912491
130.53493 9.780948 -2.8180903 2910.8683 5.1624874 1.4918579
130.53493 13.5 -2.8170082 2911.9965 5.1620784 1.4925604
140.73546 1.8645253 -2.7286256 2970.8978 5.1411601 1.5875577
140.73546 4.5380952 -2.7277475 2971.9582 5.140902 1.5880295
140.73546 7.9209438 -2.7265461 2973.3355 5.1405054 1.5887546
140.73546 11.428281 -2.7251935 2974.8035 5.1400103 1.5896606
140.73546 13.5 -2.7243426 2975.6891 5.1396764 1.5902718
151.74336 1.0975257 -2.6400644 3035.2948 5.1225577 1.6841616
151.74336 2.6344113 -2.639487 3036.1366 5.122462 1.6843471
151.74336 6.4586744 -2.6376145 3038.5937 5.1219949 1.6852533
151.74336 11.297487 -2.6345932 3042.3833 5.1211387 1.6869153
151.74336 13.5 -2.6329743 3044.3643 5.1206506 1.6878635
163.79119 1.0433224 -2.5582013 3091.0133 5.1054754 1.784495
163.79119 2.5037285 -2.5578052 3091.4228 5.1053095 1.7848359
163.79119 6.1376862 -2.5563949 3092.4481 5.1044752 1.7865511
163.79119 10.735707 -2.5540102 3093.7462 5.1028196 1.7899597
163.79119 13.5 -2.5522927 3094.5177 5.1015352 1.7926084
178.51315 1.4825703 -2.4837794 3119.9959 5.0846458 1.9081828
178.51315 3.6009651 -2.4829528 3120.5349 5.0841193 1.9093398
178.51315 7.7705861 -2.4805364 3121.5252 5.0822541 1.9134443
178.51315 10.503199 -2.4784594 3122.1205 5.0805084 1.9172938
178.51315 13.5 -2.4758827 3122.7234 5.0782671 1.9222477
197.78021 2.3220506 -2.3990752 3149.8348 5.0609892 2.0639757
197.78021 5.6950461 -2.3966136 3150.4882 5.058888 2.0689748
197.78021 9.2861564 -2.3928346 3150.9639 5.0553712 2.0773687
197.78021 13.009419 -2.3883304 3151.2887 5.0510462 2.0877386
197.78021 13.5 -2.3877209 3151.323 5.0504555 2.0891588
219.63441 1.7576775 -2.3163463 3176.6659 5.0385129 2.2320376
219.63441 4.2956208 -2.3138283 3176.9951 5.036175 2.2380535
219.63441 7.5068623 -2.3091351 3177.0341 5.0315031 2.2501238
219.63441 10.836277 -2.303732 3176.8509 5.0259998 2.2644255
219.63441 13.5 -2.2995381 3176.6504 5.0216963 2.2756728
244.41725 1.0841939 -2.2343033 3202.3759 5.0169045 2.4139121
244.41725 2.6239219 -2.2324975 3202.4841 5.0151574 2.4187723
244.41725 5.9214574 -2.226053 3201.984 5.0084416 2.4375465
244.41725 9.3403422 -2.2187434 3201.1095 5.0006575 2.4594894
244.41725 12.885042 -2.2113743 3201.7882 4.9936566 2.4793931
244.41725 13.5 -2.2102033 3201.9234 4.9925591 2.4825281
272.15879 1.5488171 -2.1521099 3227.4624 4.9949571 2.6124043
272.15879 3.7849658 -2.1459239 3228.0592 4.9890924 2.6301031
272.15879 7.1527089 -2.1351695 3228.7719 4.9787215 2.6616945
272.15879 10.644385 -2.1259728 3229.4093 4.9698676 2.6889651
272.15879 13.5 -2.1200378 3229.8951 4.964194 2.7065869
302.92613 1.1568738 -2.0707587 3255.7717 4.9752913 2.8192298
302.92613 2.7571165 -2.0645705 3256.1369 4.9692979 2.8387502
302.92613 6.1842524 -2.0501907 3256.6793 4.9552075 2.8851766
302.92613 9.7375069 -2.0394351 3257.2172 4.9447388 2.9201606
302.92613 13.5 -2.0315783 3257.8036 4.9371947 2.945634
337.56117 1.0580687 -1.988111 3285.5586 4.9554805 3.0446947
337.56117 2.5721445 -1.9791516 3285.8263 4.9466626 3.075762
337.56117 5.8147425 -1.9624223 3286.2677 4.9301667 3.1347338
337.56117 9.1766681 -1.9516642 3286.8135 4.919697 3.1727474
337.56117 12.662313 -1.9445198 3287.4264 4.9128766 3.197759
337.56117 13.5 -1.9431697 3287.5774 4.9116063 3.2024391
376.28639 1.2951775 -1.8974362 3315.8167 4.9278969 3.3183224
376.28639 2.3914846 -1.8942249 3316.1878 4.92488 3.329868
376.28639 4.0081709 -1.8826055 3316.389 4.9133659 3.3743029
376.28639 7.4705232 -1.8680995 3316.9852 4.8991722 3.4298957
376.28639 11.06029 -1.8599726 3317.6927 4.8914159 3.4606613
376.28639 13.5 -1.8563939 3318.1914 4.8880983 3.4739047
419.7389 2.039833 -1.7853783 3349.1064 4.8806535 3.7005873
419.7389 5.0206294 -1.7780108 3349.7814 4.873636 3.730606
419.7389 12.437805 -1.7661338 3352.6137 4.8632272 3.775581
419.7389 13.5 -1.7647054 3353.0357 4.8620175 3.7808429
459.37918 1.8259268 -1.7044788 3392.2169 4.8611647 3.959233
459.37918 4.4858271 -1.6951254 3392.8091 4.8521145 4.0007018
459.37918 11.10451 -1.6815073 3396.2201 4.8402421 4.0557614
459.37918 13.5 -1.6773974 3397.6179 4.8368469 4.0716455
504.78195 1.5204547 -1.6069962 3447.1121 4.8325018 4.2895209
504.78195 3.7262313 -1.598299 3446.8175 4.8236561 4.3334286
504.78195 9.2149092 -1.584672 3450.2379 4.8117521 4.393227
504.78195 13.5 -1.5754931 3453.553 4.8042416 4.431379
549.3363 1.163118 -1.505819 3516.6432 4.8027506 4.630753
549.3363 2.8316674 -1.4985494 3515.3177 4.7948262 4.6731944
549.3363 6.9835523 -1.4859544 3518.6184 4.7838615 4.7325607
549.3363 13.5 -1.4686637 3526.0276 4.7702249 4.8074465
591.04235 2.1477151 -1.4016993 3592.4729 4.767472 5.0024306
591.04235 5.2764114 -1.3904315 3595.2997 4.7575706 5.0597816
591.04235 11.547241 -1.3703251 3605.2248 4.7422533 5.149801
591.04235 13.5 -1.3640905 3608.7326 4.737708 5.1768203
630.9245 2.2021914 -1.3032892 3682.1668 4.7402605 5.332934
630.9245 5.423379 -1.290326 3686.94 4.7295477 5.3991153
630.9245 10.918092 -1.2696573 3698.4219 4.7142806 5.494854
630.9245 13.5 -1.2598852 3704.3325 4.7072825 5.5393041
669.19718 1.4753295 -1.2130611 3772.8861 4.7178901 5.6355948
669.19718 3.6060957 -1.2029676 3775.4681 4.7089851 5.69367
669.19718 7.9990658 -1.1836885 3785.8135 4.6944596 5.7896862
669.19718 12.214249 -1.1651693 3796.9769 4.6810553 5.8797272
669.19718 13.5 -1.1593861 3800.6188 4.6769376 5.9076672
707.27981 1.2840303 -1.1211014 3871.1213 4.6946199 5.9510479
707.27981 3.1342732 -1.1109971 3874.2535 4.6859206 6.0109498
707.27981 6.9519972 -1.0912519 3886.2585 4.67155 6.1112269
707.27981 10.620176 -1.0721502 3899.0673 4.6581644 6.2061345
707.27981 13.5 -1.0563635 3911.3054 4.6478218 6.2804754
