# mass_Mjup age_Gyr logL_Lsun Teff_K logg_cgs radius_Rjup
62.853931 1.3256217 -4.4160065 1496.7875 5.2875597 0.89638412
62.853931 2.0823802 -4.6012004 1370.0452 5.3190525 0.86446565
62.853931 3.6470043 -4.8189549 1235.3908 5.3570849 0.82743052
62.853931 7.2077193 -5.0588845 1106.691 5.4059026 0.78220879
62.853931 12.365606 -5.3308727 967.82081 5.444965 0.74781036
62.853931 13.5 -5.4043401 930.59099 5.450288 0.74324159
65.913179 1.0054919 -4.1531786 1722.1828 5.289048 0.91636798
65.913179 1.394581 -4.3667082 1545.4124 5.3144381 0.88996891
65.913179 2.1583111 -4.5547063 1410.8625 5.3441974 0.85999359
65.913179 3.756339 -4.7778002 1267.4021 5.3810103 0.82430653
65.913179 7.2004809 -5.0018408 1144.1268 5.4272899 0.78153594
65.913179 12.953026 -5.2599481 1012.0259 5.4722671 0.74209648
65.913179 13.5 -5.2849195 999.37303 5.4753824 0.73943961
68.474922 1.0120546 -4.0585111 1818.5466 5.3055205 0.91645952
68.474922 1.363152 -4.2787105 1625.1045 5.3303474 0.89063523
68.474922 2.0490812 -4.482392 1468.3019 5.3577652 0.86296058
68.474922 3.5412867 -4.7058829 1317.7894 5.3933786 0.82829348
68.474922 6.3583103 -4.9069657 1201.1725 5.4334989 0.79090461
68.474922 12.088343 -5.1610179 1068.5574 5.4843209 0.74595581
68.474922 13.5 -5.22072 1037.7237 5.4931585 0.73840441
71.035075 1.1553496 -4.0623986 1825.0571 5.3315574 0.90586917
71.035075 1.5904907 -4.2870918 1627.0084 5.356704 0.88001932
71.035075 2.4378918 -4.4873397 1472.4715 5.3835802 0.85320638
71.035075 4.3050965 -4.7098542 1322.1857 5.419077 0.81904109
71.035075 7.8151417 -4.9140129 1204.4898 5.4612784 0.78019832
71.035075 13.5 -5.1475243 1081.5516 5.5077662 0.739539
73.329586 1.1816835 -3.9974131 1892.8066 5.3436974 0.90760879
73.329586 1.7466214 -4.2559894 1660.3954 5.3746948 0.87579002
73.329586 2.7564058 -4.4658898 1494.0801 5.4012446 0.84942508
73.329586 5.2690724 -4.6973641 1336.3624 5.4389204 0.81336818
73.329586 9.8574532 -4.9201876 1207.7367 5.485936 0.770512
73.329586 13.5 -5.0619142 1132.3615 5.5157139 0.74454411
74.935582 1.1946078 -3.9508966 1940.9325 5.3502065 0.91064385
74.935582 1.8468049 -4.2217149 1694.5008 5.3851503 0.87473536
74.935582 2.8318492 -4.4091125 1541.9259 5.4086347 0.85140159
74.935582 5.2829549 -4.6077751 1400.9051 5.4406782 0.82056453
74.935582 10.194636 -4.8490507 1251.305 5.4857716 0.7790512
74.935582 13.5 -4.9791102 1180.3251 5.5143849 0.75380561
75.688826 1.1936135 -3.9274638 1964.8509 5.3523941 0.91290717
75.688826 1.9310348 -4.2081538 1708.9528 5.390686 0.87353568
75.688826 2.8480593 -4.3751487 1570.8265 5.4112735 0.85307438
75.688826 5.1299098 -4.5539601 1439.6749 5.4386297 0.82662554
75.688826 8.5664821 -4.7375063 1316.4872 5.4667847 0.80026034
75.688826 13.5 -4.9150122 1217.4946 5.5084923 0.76274175
76.542457 1.218008 -3.9098656 1983.8511 5.3563844 0.91383283
76.542457 2.0225851 -4.1820793 1735.4839 5.3962441 0.87284457
76.542457 3.0094675 -4.3498388 1593.6464 5.4158891 0.85332489
76.542457 5.3641341 -4.5136865 1469.8 5.439202 0.83072632
76.542457 8.9103708 -4.6658956 1365.737 5.4638464 0.80748745
76.542457 13.5 -4.8247017 1268.7923 5.4947464 0.77926609
76.863972 1.0783493 -3.8404942 2048.9975 5.3449628 0.92787138
76.863972 1.8085458 -4.0891464 1822.3691 5.3899947 0.88099172
76.863972 2.8527618 -4.3119646 1625.4134 5.4141228 0.85685588
76.863972 5.1280108 -4.4841344 1491.1999 5.4365809 0.83498512
76.863972 8.5546408 -4.6123719 1402.9886 5.4588914 0.81381084
76.863972 12.107371 -4.7392952 1318.2602 5.4776026 0.79646718
76.863972 13.5 -4.7773478 1295.5715 5.4854963 0.78926171
77.542934 1.5943433 -3.9960503 1909.1475 5.3815306 0.89353918
77.542934 2.5796823 -4.2401633 1687.3801 5.4111373 0.86359522
77.542934 4.3823231 -4.3970148 1559.3209 5.4308792 0.8441882
77.542934 7.6179736 -4.5119132 1473.7563 5.4477383 0.82796077
77.542934 10.972696 -4.5946467 1416.8144 5.4620209 0.81445754
77.542934 13.5 -4.6595241 1372.6637 5.4719031 0.80524373
78.015378 1.0903461 -3.8104445 2081.035 5.3483223 0.93118659
78.015378 2.0036016 -4.0769078 1837.3255 5.3984125 0.87900556
78.015378 3.3616941 -4.294289 1643.5856 5.4222186 0.85524118
78.015378 6.1438043 -4.4307738 1534.5365 5.439443 0.83844845
78.015378 9.6639882 -4.5015013 1482.2588 5.4499578 0.8283597
78.015378 13.313715 -4.5556691 1444.8091 5.4596713 0.81914778
78.015378 13.5 -4.558536 1442.8314 5.4601586 0.81868826
78.119185 1.102426 -3.8120464 2079.9313 5.3495802 0.93045748
78.119185 2.0285935 -4.0768209 1837.7598 5.3993136 0.8786781
78.119185 3.4128047 -4.2917536 1646.0152 5.4228267 0.85521099
78.119185 6.2510064 -4.4240664 1540.0228 5.4395129 0.83893862
78.119185 9.8421626 -4.4921203 1489.0668 5.4491149 0.82971549
78.119185 13.5 -4.5375517 1457.6016 5.4574449 0.82179629
78.613877 1.7162277 -3.9806485 1926.8346 5.3881056 0.89290363
78.613877 3.0557589 -4.2320931 1697.6023 5.4195163 0.86119054
78.613877 5.254119 -4.3499082 1599.965 5.4344294 0.84653061
78.613877 8.5649509 -4.4176554 1546.4795 5.4431114 0.83811129
78.613877 11.997621 -4.449129 1522.2562 5.4471593 0.83421445
78.613877 13.5 -4.4573344 1515.9881 5.4481969 0.83321858
79.230566 1.775738 -3.9658627 1942.4144 5.3907032 0.89372223
79.230566 3.2123946 -4.1995918 1728.8298 5.4220737 0.86201996
79.230566 5.9096524 -4.3109589 1633.543 5.4349541 0.84933121
79.230566 9.3224732 -4.3509503 1601.0176 5.4400076 0.84440411
79.230566 12.860886 -4.3651415 1589.6659 5.4418378 0.84262678
79.230566 13.5 -4.3664882 1588.5944 5.4420131 0.8424567
79.909394 1.1187341 -3.7607708 2133.8152 5.3525759 0.93781834
79.909394 2.1799723 -4.004434 1909.5558 5.4033413 0.88457777
79.909394 4.3177011 -4.2138773 1718.1615 5.4293111 0.85852138
79.909394 8.0146652 -4.2665383 1672.6257 5.4353113 0.85261122
79.909394 11.23074 -4.2764251 1664.3722 5.4366048 0.85134247
79.909394 13.5 -4.2784918 1662.6647 5.4368884 0.85106451
80.680821 1.1730386 -3.7537824 2143.0758 5.357283 0.93724137
80.680821 2.3629109 -3.985463 1929.419 5.4065197 0.88559079
80.680821 5.1056614 -4.1668511 1763.9882 5.4321842 0.85980665
80.680821 8.5760439 -4.1972623 1735.9028 5.4347142 0.85730588
80.680821 12.174136 -4.1984881 1734.8271 5.4348633 0.85715877
80.680821 13.5 -4.1983708 1734.9523 5.4348714 0.85715076
81.541043 1.0960045 -3.702432 2193.7224 5.351115 0.94893923
81.541043 2.3715834 -3.934419 1978.8361 5.4040147 0.89287063
81.541043 5.5456317 -4.0859601 1841.0654 5.4301934 0.86636163
81.541043 8.9249297 -4.1170145 1813.3573 5.4349045 0.86167534
81.541043 12.428586 -4.1227852 1808.2864 5.4358104 0.86077709
81.541043 13.5 -4.1232057 1807.9296 5.4358882 0.86070002
82.401664 1.2629918 -3.7179763 2182.4021 5.3622315 0.94180291
82.401664 2.9653638 -3.9261544 1989.2365 5.4094161 0.89200583
82.401664 6.6112235 -4.0140878 1909.0915 5.4259109 0.87522625
82.401664 9.7793453 -4.0261281 1898.2337 5.4280429 0.87308052
82.401664 13.064054 -4.0276919 1896.8658 5.4283544 0.87276747
82.401664 13.5 -4.0276889 1896.8769 5.4283616 0.87276031
83.293546 1.0275967 -3.6257045 2271.5301 5.3441699 0.96678187
83.293546 2.4085227 -3.8337793 2077.8088 5.3973931 0.90932031
83.293546 5.8447085 -3.9241012 1994.09 5.4162717 0.88976964
83.293546 9.5030951 -3.9346102 1984.6156 5.4185073 0.88748251
83.293546 12.78148 -3.9351389 1984.2118 5.4186824 0.88730359
83.293546 13.5 -3.9350314 1984.3267 5.4186755 0.88731066
84.256104 1.5087517 -3.694341 2210.9079 5.3708051 0.94298748
84.256104 3.6583059 -3.8228604 2091.265 5.4026782 0.90901145
84.256104 6.8956339 -3.8469812 2068.8139 5.4080484 0.90340872
84.256104 10.252095 -3.8483703 2067.6128 5.4084286 0.90301328
84.256104 13.5 -3.8476643 2068.3699 5.4083587 0.90308602
85.357844 1.8985467 -3.6889236 2219.8612 5.3780504 0.94124848
85.357844 4.6263269 -3.7573461 2156.0913 5.3958383 0.92216866
85.357844 8.0777675 -3.7627707 2151.1638 5.3972882 0.9206306
85.357844 11.656221 -3.7621097 2151.9066 5.397227 0.92069547
85.357844 13.5 -3.7615934 2152.4532 5.3971518 0.92077518
86.637882 2.1516469 -3.6434189 2266.8481 5.3753965 0.95118158
86.637882 5.2548096 -3.6772128 2235.3962 5.3849188 0.94081082
86.637882 8.5586381 -3.6777408 2235.0459 5.3851746 0.94053377
86.637882 11.984048 -3.6768025 2236.0756 5.3850364 0.94068346
86.637882 13.5 -3.6763647 2236.5525 5.384969 0.94075641
88.139767 1.4161214 -3.5340349 2374.9339 5.354393 0.98287261
88.139767 3.4229556 -3.5908147 2321.4964 5.3716387 0.96355022
88.139767 7.0251232 -3.5935196 2319.1207 5.372565 0.96252321
88.139767 10.058546 -3.5926868 2320.0779 5.372449 0.96265176
88.139767 13.28535 -3.5917447 2321.1497 5.3723093 0.96280659
88.139767 13.5 -3.591682 2321.2211 5.3723 0.96281693
89.909238 1.3723012 -3.4681811 2442.5759 5.3459578 1.0023769
89.909238 3.3122807 -3.508085 2405.4636 5.3592645 0.98713754
89.909238 6.7944473 -3.5089227 2404.9032 5.3596975 0.98664556
89.909238 10.404758 -3.5077914 2406.2085 5.3595089 0.98685989
89.909238 13.5 -3.5068771 2407.2752 5.3593645 0.98702393
91.965469 2.1102132 -3.4212745 2492.4943 5.344016 1.0160431
91.965469 5.1481581 -3.425963 2488.5057 5.3459224 1.0138156
91.965469 8.992048 -3.4248911 2489.7681 5.3457315 1.0140384
91.965469 13.5 -3.4235828 2491.2947 5.3454881 1.0143226
94.377883 2.0677856 -3.3414873 2572.7831 5.3305503 1.0453644
94.377883 5.0423614 -3.3433461 2571.4151 5.3314852 1.04424
94.377883 12.444058 -3.3412068 2573.995 5.331088 1.0447176
94.377883 13.5 -3.3409 2574.3648 5.3310307 1.0447865
97.281953 1.5572825 -3.2564959 2656.2322 5.3141724 1.0815278
97.281953 3.7717243 -3.2600765 2653.4574 5.3159374 1.0793324
97.281953 9.281964 -3.258521 2655.3731 5.3156356 1.0797075
97.281953 13.5 -3.257311 2656.8565 5.3153958 1.0800056
100.75003 2.1346484 -3.1766785 2733.2054 5.2991929 1.1197831
100.75003 5.2098213 -3.1761414 2734.0221 5.2991748 1.1198064
100.75003 12.861836 -3.1739802 2736.7072 5.2987189 1.1203944
100.75003 13.5 -3.1737999 2736.9313 5.2986808 1.1204435
104.84839 2.0442262 -3.0938676 2809.5841 5.2815775 1.1657351
104.84839 4.9872277 -3.093185 2810.5158 5.281471 1.1658781
104.84839 12.310357 -3.0911176 2813.105 5.2810032 1.1665062
104.84839 13.5 -3.090781 2813.5264 5.2809268 1.1666088
109.78503 1.0133452 -3.0066838 2885.324 5.2605854 1.2220433
109.78503 2.4257175 -3.0092517 2883.8734 5.2622797 1.2196619
109.78503 5.9401517 -3.0082659 2885.1259 5.2620482 1.2199871
109.78503 13.5 -3.0061041 2887.8482 5.2615247 1.2207225
115.5944 1.0474417 -2.9247229 2953.0534 5.241325 1.2820757
115.5944 2.5173026 -2.9254892 2952.8943 5.2419978 1.2810831
115.5944 6.1747867 -2.9244455 2954.222 5.2417349 1.2814708
115.5944 13.5 -2.9223186 2956.9015 5.241183 1.2822853
122.52804 1.0223278 -2.8405432 3018.7066 5.2206424 1.3517747
122.52804 2.4610485 -2.8407559 3018.9176 5.2209766 1.3512547
122.52804 6.0410461 -2.8397149 3020.2283 5.2206896 1.3517012
122.52804 13.5 -2.8374784 3022.9728 5.2200309 1.3527267
130.70061 1.519731 -2.7576475 3076.8029 5.198904 1.4315107
130.70061 3.6993272 -2.7570528 3077.518 5.198713 1.4318255
130.70061 9.1228598 -2.7554466 3079.3453 5.1981379 1.4327738
130.70061 13.5 -2.7540604 3080.8526 5.1976018 1.4336584
140.44484 2.1440687 -2.6725457 3131.8836 5.1758541 1.5238199
140.44484 5.2498889 -2.6714644 3133.1698 5.175486 1.5244657
140.44484 12.978163 -2.6683337 3136.5823 5.1742463 1.5266431
140.44484 13.5 -2.6680994 3136.8234 5.1741456 1.52682
151.78048 1.142559 -2.5814894 3196.4516 5.153958 1.6245637
151.78048 2.7597842 -2.58087 3197.2425 5.1537683 1.6249185
151.78048 6.783958 -2.5790104 3199.3394 5.1530477 1.6262672
151.78048 13.5 -2.5750617 3203.1592 5.1511718 1.6297832
163.9644 1.9967736 -2.4879002 3275.7151 5.1364544 1.7228813
163.9644 4.8895724 -2.4855876 3279.0968 5.1359342 1.7239134
163.9644 12.087782 -2.4786386 3286.6533 5.1329839 1.729779
163.9644 13.5 -2.4772062 3287.7774 5.1321455 1.7314495
176.41532 2.2050682 -2.4183057 3313.3482 5.1184904 1.8244447
176.41532 5.4116757 -2.416324 3314.5857 5.1171575 1.8272467
176.41532 13.390741 -2.4086482 3317.4221 5.1109675 1.840315
176.41532 13.5 -2.4085227 3317.4582 5.1108609 1.8405409
194.28021 1.6995233 -2.3359112 3347.2999 5.0956983 1.9654992
194.28021 4.1581052 -2.3339862 3348.1384 5.0942085 1.9688734
194.28021 10.275844 -2.3262001 3349.8282 5.0872988 1.9845984
194.28021 13.5 -2.3214937 3350.5328 5.0829579 1.9945417
214.80772 1.5293861 -2.2537178 3378.4372 5.0732112 2.1209339
214.80772 3.7391593 -2.2511553 3379.0163 5.0709465 2.1264711
214.80772 9.237782 -2.2412781 3379.689 5.0614151 2.1499343
214.80772 13.5 -2.2336225 3379.9152 5.0538757 2.168677
238.16863 2.3046692 -2.1704832 3407.9554 5.0499235 2.293973
238.16863 5.6719774 -2.1626687 3407.8841 5.0420726 2.3148016
238.16863 13.5 -2.145513 3406.9736 5.0244527 2.3622383
264.68212 1.0454477 -2.0904674 3436.1414 5.0300562 2.474241
264.68212 2.5429337 -2.0866983 3436.0129 5.0262222 2.4851865
264.68212 6.2691581 -2.0743196 3434.567 5.0131123 2.5229807
264.68212 13.5 -2.057135 3433.7744 4.9955267 2.5745819
294.68222 1.2749147 -2.0074247 3464.6094 5.0079759 2.677915
294.68222 3.1179527 -1.9991662 3463.5234 4.9991727 2.7051938
294.68222 7.704021 -1.979762 3465.5547 4.980787 2.7630657
294.68222 13.5 -1.9662176 3467.5041 4.9682196 2.8033347
327.60024 1.1900203 -1.9248942 3496.7454 4.9874746 2.8909634
327.60024 2.9105096 -1.9125708 3497.8281 4.975689 2.9304573
327.60024 7.1916376 -1.8918299 3499.8844 4.955969 2.9977496
327.60024 13.5 -1.8779598 3502.0504 4.9431737 3.042237
364.18295 2.2733181 -1.8043453 3533.3415 4.9309875 3.2529234
364.18295 5.6072938 -1.7958404 3534.1656 4.9228876 3.2833997
364.18295 13.5 -1.7864261 3537.7979 4.9152579 3.3123683
396.84711 2.1574028 -1.7246704 3577.3306 4.91011 3.4782786
396.84711 5.3248495 -1.7157656 3579.03 4.9020303 3.510785
396.84711 13.206471 -1.6988949 3584.6035 4.8878627 3.568519
396.84711 13.5 -1.6983297 3584.869 4.8874262 3.5703129
433.92487 1.8815382 -1.6261201 3639.077 4.8800797 3.7650885
433.92487 4.6390647 -1.6162797 3640.8526 4.8710867 3.804273
433.92487 11.500673 -1.5981776 3647.5915 4.856197 3.8700496
433.92487 13.5 -1.5933983 3649.8129 4.8524753 3.8866675
