# mass_Mjup age_Gyr logL_Lsun Teff_K logg_cgs radius_Rjup
62.853931 1.1970181 -4.2777782 1582.8194 5.2464162 0.93986592
62.853931 1.9267989 -4.473414 1447.4358 5.2867238 0.89724714
62.853931 3.5185456 -4.7300258 1284.6525 5.336081 0.84768301
62.853931 6.2072753 -4.9824852 1138.5828 5.3788562 0.80694868
62.853931 10.465595 -5.221639 1013.2431 5.4154062 0.77369695
62.853931 13.5 -5.3442819 953.59689 5.4326537 0.75848522
64.682618 1.1605446 -4.208976 1644.8141 5.256811 0.94209797
64.682618 1.8145053 -4.422292 1486.5083 5.2943291 0.90227108
64.682618 3.3306504 -4.6636503 1330.5299 5.3431165 0.85298879
64.682618 5.8792628 -4.9069217 1185.9784 5.3865965 0.81134084
64.682618 10.512675 -5.1678283 1045.977 5.4292846 0.77243021
64.682618 13.5 -5.2930196 983.27948 5.4470952 0.75675271
67.888042 1.029454 -4.0340232 1805.0982 5.2643999 0.9567632
67.888042 1.5670293 -4.2844856 1597.8221 5.3029728 0.91520426
67.888042 2.7141444 -4.4967833 1448.1867 5.3444549 0.87252317
67.888042 5.0895105 -4.7529692 1283.4076 5.3908011 0.82718728
67.888042 9.2402979 -4.9948869 1146.9008 5.4373638 0.78401162
67.888042 13.5 -5.1860171 1045.8783 5.4683151 0.7565661
69.798377 1.5407797 -4.2033999 1671.1469 5.3118839 0.91851975
69.798377 2.4619826 -4.4117273 1511.6889 5.3460024 0.8831393
69.798377 4.559864 -4.6338725 1362.9898 5.3882684 0.84119414
69.798377 8.6712533 -4.8819651 1214.3434 5.4357566 0.79643834
69.798377 13.5 -5.0987395 1096.9119 5.4758519 0.76050919
70.658368 1.3679905 -4.1073869 1754.4966 5.3057407 0.93072036
70.658368 2.182551 -4.3386017 1567.6894 5.3413854 0.89329901
70.658368 4.0419704 -4.5515825 1419.379 5.3817197 0.85276571
70.658368 7.5800088 -4.7883042 1269.075 5.423997 0.81225249
70.658368 13.5 -5.0409993 1130.7976 5.4762826 0.76480072
71.826477 1.1371843 -3.9715858 1875.0239 5.2924777 0.95282074
71.826477 1.8617272 -4.2217913 1664.0565 5.3353283 0.9069554
71.826477 3.1253776 -4.4192513 1513.3575 5.3678821 0.87359268
71.826477 6.1369243 -4.6368991 1366.326 5.4079812 0.83417942
71.826477 9.3432127 -4.7915441 1269.8935 5.435478 0.80818553
71.826477 13.5 -4.9479613 1184.4803 5.4709374 0.7758564
72.147782 1.4834076 -4.0953617 1770.6301 5.3186762 0.9265763
72.147782 2.4030765 -4.3217675 1585.2609 5.3529736 0.89070207
72.147782 4.2640603 -4.4981 1460.1051 5.3864396 0.85703682
72.147782 7.6044335 -4.691217 1332.1575 5.4202424 0.82432424
72.147782 12.405567 -4.8746263 1225.0499 5.4580445 0.78921806
72.147782 13.5 -4.9134928 1204.408 5.4673905 0.78077161
73.079954 1.2234398 -3.9674406 1883.648 5.303818 0.94863226
73.079954 2.0698508 -4.2138628 1675.3406 5.3466536 0.90298405
73.079954 3.6025198 -4.4032571 1529.069 5.3773438 0.87163569
73.079954 7.1141907 -4.5914066 1399.5734 5.4117677 0.83776663
73.079954 10.345676 -4.7117792 1321.266 5.4321186 0.81836608
73.079954 13.5 -4.8018971 1266.8377 5.4491594 0.80246704
73.329586 1.3395161 -4.002855 1854.1495 5.3132934 0.93994124
73.329586 2.3089006 -4.2494649 1646.968 5.3540649 0.89683994
73.329586 4.0742509 -4.4235047 1515.3935 5.3834657 0.86699088
73.329586 7.7078618 -4.5929277 1399.2326 5.4143468 0.83670818
73.329586 10.86534 -4.6981836 1330.5685 5.4321919 0.8196934
73.329586 13.5 -4.7714307 1284.9009 5.4447686 0.80791017
73.958097 1.427145 -4.0089636 1851.3659 5.3204985 0.93616277
73.958097 2.4699253 -4.2433336 1654.2981 5.3593545 0.89520679
73.958097 4.7386597 -4.4221891 1518.4105 5.3893117 0.86485792
73.958097 9.5974609 -4.5837208 1407.0464 5.4185203 0.83625836
73.958097 13.140019 -4.6649187 1353.564 5.4323997 0.82300182
73.958097 13.5 -4.6724839 1348.6671 5.4336689 0.82180012
74.148957 1.4657069 -4.0139358 1847.8581 5.3232954 0.93435644
74.148957 2.5458756 -4.2445567 1653.9918 5.3613753 0.89427817
74.148957 4.9074914 -4.4174469 1522.4358 5.390288 0.86500037
74.148957 9.9652106 -4.5694034 1417.1842 5.4177937 0.83803749
74.148957 13.5 -4.6410638 1369.581 5.4300998 0.82624795
74.756401 1.4220002 -3.9792529 1879.9798 5.3220941 0.93947433
74.756401 2.6122291 -4.218249 1677.9023 5.3635442 0.89569439
74.756401 5.4587568 -4.3941424 1541.1865 5.3917917 0.86703402
74.756401 9.745759 -4.4907954 1472.8349 5.4096401 0.8493993
74.756401 13.5 -4.5422136 1437.2608 5.4185845 0.84069745
75.37091 1.4238747 -3.9577563 1900.9125 5.3233887 0.94192283
75.37091 2.6585475 -4.1888357 1704.5149 5.3650228 0.89783857
75.37091 5.620405 -4.3528349 1573.2871 5.3898507 0.87253792
75.37091 10.081099 -4.4211492 1523.7963 5.4026408 0.85978381
75.37091 13.5 -4.4468281 1505.4491 5.4072763 0.85520755
76.015148 1.0245037 -3.8028567 2037.3507 5.2926001 0.98007162
76.015148 1.9530013 -4.0510037 1823.2404 5.3478597 0.91966148
76.015148 3.7797149 -4.2416421 1663.0793 5.3787742 0.88750486
76.015148 7.0585749 -4.3269383 1594.4092 5.3908177 0.875284
76.015148 11.771295 -4.3527734 1575.4816 5.3959071 0.87017042
76.015148 13.5 -4.3573069 1572.175 5.3967907 0.86928559
76.734796 1.3665054 -3.8950732 1959.9766 5.3216492 0.95231223
76.734796 2.8041776 -4.1230102 1764.4872 5.3670568 0.90380672
76.734796 6.381566 -4.2558927 1653.8619 5.3874621 0.88282148
76.734796 9.6735251 -4.2757839 1637.6099 5.3901982 0.88004497
76.734796 12.973749 -4.2790393 1634.9949 5.3906774 0.87955955
76.734796 13.5 -4.2791762 1634.8892 5.3907019 0.8795347
77.634994 1.7431644 -3.9428586 1922.1242 5.340622 0.93718542
77.634994 3.6516144 -4.1197605 1770.4992 5.3747811 0.90104402
77.634994 7.0771872 -4.1836739 1716.9914 5.385384 0.89011176
77.634994 10.628821 -4.1932835 1709.0282 5.3869181 0.88854104
77.634994 13.5 -4.1942039 1708.2991 5.3870972 0.88835785
78.694018 2.0929498 -3.9443595 1924.6637 5.3503007 0.93310016
78.694018 4.8571999 -4.0743813 1812.951 5.3764475 0.90543004
78.694018 8.3547855 -4.0966987 1793.9357 5.380448 0.90126943
78.694018 11.981082 -4.0987079 1792.2813 5.3808544 0.90084777
78.694018 13.5 -4.0986432 1792.3617 5.3808677 0.90083399
79.80224 1.7555582 -3.8530504 2007.5661 5.338325 0.95269263
79.80224 4.2061643 -3.983776 1894.727 5.3685577 0.92010301
79.80224 8.6048803 -4.0068664 1874.9181 5.3733908 0.91499746
79.80224 13.165469 -4.0074033 1874.5483 5.373585 0.91479294
79.80224 13.5 -4.0073593 1874.5929 5.3735824 0.91479572
81.014193 1.2160633 -3.7135149 2134.3367 5.3117079 0.98977027
81.014193 2.9151894 -3.8792454 1989.1542 5.3550604 0.94158193
81.014193 6.5540974 -3.9164697 1957.063 5.3640302 0.93190846
81.014193 9.7161785 -3.9180887 1955.7408 5.364475 0.93143126
81.014193 12.994624 -3.9176272 1956.2212 5.3644403 0.93146851
81.014193 13.5 -3.9175332 1956.3151 5.3644296 0.93147995
82.362888 1.3154783 -3.6909968 2158.77 5.3161341 0.99290233
82.362888 3.1601627 -3.8129222 2052.0701 5.3500027 0.95493151
82.362888 6.4712795 -3.8304808 2036.716 5.3545144 0.94998412
82.362888 9.9042454 -3.8305943 2036.7214 5.3546325 0.94985502
82.362888 13.463544 -3.8298993 2037.4421 5.3545521 0.94994294
82.362888 13.5 -3.8298919 2037.4497 5.3545512 0.94994392
83.901768 1.3024674 -3.6406988 2207.5997 5.3127314 1.0060687
83.901768 3.125519 -3.7340647 2126.7918 5.3413159 0.97349875
83.901768 6.397806 -3.7439375 2118.2606 5.3442063 0.97026462
83.901768 9.7905132 -3.7435301 2118.7444 5.3441956 0.97027656
83.901768 13.308072 -3.7427915 2119.5236 5.3440957 0.97038809
83.901768 13.5 -3.7427508 2119.5665 5.3440902 0.97039431
85.667732 1.9047362 -3.6305003 2222.8718 5.3235554 1.0040115
85.667732 4.6211263 -3.6577093 2199.2894 5.3322362 0.99402733
85.667732 8.0581551 -3.657782 2199.3803 5.3323807 0.99386197
85.667732 12.299713 -3.6568734 2200.3562 5.3322428 0.99401973
85.667732 13.5 -3.6566112 2200.6405 5.332205 0.994063
87.658332 1.6210308 -3.5485273 2300.2779 5.3110218 1.0303706
87.658332 3.9131685 -3.5742736 2278.481 5.3202285 1.0195067
87.658332 7.3652336 -3.5742569 2278.682 5.3203651 1.0193465
87.658332 10.944335 -3.5734748 2279.5453 5.3202411 1.019492
87.658332 13.5 -3.5729119 2280.1657 5.3201509 1.0195979
90.036607 1.7949522 -3.4791177 2367.5381 5.3033048 1.0535737
90.036607 4.3458224 -3.4891926 2359.2479 5.3072862 1.0487555
90.036607 8.1875507 -3.4884613 2360.1138 5.3071923 1.0488688
90.036607 12.934731 -3.4874004 2361.3163 5.3070163 1.0490814
90.036607 13.5 -3.487274 2361.4596 5.3069953 1.0491067
92.787763 2.1412937 -3.4028857 2440.1713 5.2926378 1.0827651
92.787763 5.2076907 -3.40465 2438.9727 5.2935486 1.0816303
92.787763 8.4723761 -3.4039223 2439.82 5.2934243 1.0817851
92.787763 11.857202 -3.4031586 2440.7061 5.2932914 1.0819506
92.787763 13.5 -3.4027879 2441.1362 5.2932268 1.082031
96.027448 2.2408088 -3.3202299 2516.6252 5.2784795 1.1196073
96.027448 5.4558013 -3.3202967 2516.8699 5.2787152 1.1193035
96.027448 9.5237081 -3.3193731 2517.964 5.2785466 1.1195208
96.027448 13.07256 -3.3185659 2518.9198 5.2783987 1.1197114
96.027448 13.5 -3.3184686 2519.035 5.2783809 1.1197344
99.86961 1.8099788 -3.234383 2594.2375 5.2624354 1.1630724
99.86961 4.386689 -3.2348176 2594.2016 5.262846 1.1625228
99.86961 9.905062 -3.2335382 2595.7313 5.2625906 1.1628646
99.86961 13.5 -3.2327024 2596.7297 5.2624229 1.1630892
104.34942 1.7975957 -3.1491717 2668.4526 5.2452798 1.2125869
104.34942 4.3601279 -3.1489969 2668.8967 5.2453941 1.2124274
104.34942 10.736528 -3.1474697 2670.7339 5.2450623 1.2128907
104.34942 13.5 -3.1468058 2671.5315 5.2449172 1.2130932
109.56477 1.9174115 -3.0651814 2737.0941 5.2265914 1.2695434
109.56477 4.6648732 -3.0646408 2737.8086 5.2265042 1.2696709
109.56477 11.501437 -3.063005 2739.7612 5.2261069 1.2702517
109.56477 13.5 -3.0625234 2740.3354 5.2259893 1.2704237
115.75215 2.0393106 -2.9804604 2802.6404 5.2068391 1.3349124
115.75215 4.9753425 -2.9797642 2803.5012 5.2066764 1.3351624
115.75215 12.281129 -2.9779428 2805.6896 5.2062105 1.3358788
115.75215 13.5 -2.9776356 2806.0561 5.2061302 1.3360023
123.04104 1.0277892 -2.8956695 2862.4838 5.1852718 1.4109021
123.04104 2.4605121 -2.8963268 2862.4918 5.1859339 1.409827
123.04104 6.0255853 -2.8954871 2863.427 5.1856617 1.4102689
123.04104 12.424714 -2.8939304 2865.1226 5.1851333 1.411127
123.04104 13.5 -2.8936626 2865.4098 5.1850397 1.4112792
131.69794 2.0590054 -2.81278 2915.564 5.1638294 1.4961755
131.69794 5.0206044 -2.8119929 2916.4626 5.1635776 1.4966093
131.69794 10.336527 -2.8104993 2918.1027 5.1630607 1.4975002
131.69794 13.5 -2.8095612 2919.0964 5.1627141 1.498098
141.99134 1.2159956 -2.7210583 2978.7338 5.142027 1.5930346
141.99134 2.9248988 -2.7205687 2979.3976 5.1419245 1.5932225
141.99134 7.177197 -2.7190803 2981.1608 5.1414639 1.5940677
141.99134 13.5 -2.7165749 2983.892 5.1405492 1.5957472
153.03231 1.0092597 -2.6328949 3043.1833 5.1235706 1.6893282
153.03231 2.4142413 -2.6324403 3043.8877 5.1235181 1.6894305
153.03231 5.910285 -2.6308231 3045.9824 5.123096 1.6902516
153.03231 13.5 -2.6260069 3051.9165 5.1216608 1.6930468
165.22313 1.924736 -2.5500157 3100.7261 5.1065202 1.7901238
165.22313 4.6966159 -2.549038 3101.4947 5.1059732 1.7912517
165.22313 8.2038555 -2.5474409 3102.4731 5.104924 1.7934167
165.22313 11.840162 -2.5453923 3103.4857 5.1034423 1.7964786
165.22313 13.5 -2.5443416 3103.9438 5.1026479 1.7981223
179.96465 1.2744494 -2.4762095 3129.5928 5.0859281 1.9130984
179.96465 3.0826114 -2.4755419 3130.0749 5.0855281 1.9139797
179.96465 6.3281723 -2.4738316 3130.8956 5.0842732 1.9167469
179.96465 9.6931698 -2.4714591 3131.6807 5.0823364 1.9210258
179.96465 13.181999 -2.4685096 3132.4227 5.0797983 1.9266473
179.96465 13.5 -2.4682238 3132.4869 5.0795482 1.9272022
199.33138 1.6082254 -2.3916679 3159.9768 5.0625593 2.0683115
199.33138 3.9186058 -2.3903179 3160.5026 5.0614983 2.0708396
199.33138 9.6675715 -2.3846606 3161.3705 5.0563179 2.0832273
199.33138 13.5 -2.3800334 3161.7074 5.0518759 2.0939084
221.29151 1.7950649 -2.308445 3187.6391 5.0398664 2.2369534
221.29151 4.3882398 -2.305843 3187.9822 5.0374514 2.2431818
221.29151 9.9418744 -2.2973948 3187.899 5.0289579 2.2652243
221.29151 13.5 -2.2917863 3187.633 5.0232044 2.2802788
246.17632 1.0272426 -2.2266777 3213.3255 5.018323 2.4186299
246.17632 2.4823149 -2.2250472 3213.4531 5.0167614 2.4229821
246.17632 6.1030005 -2.2180428 3212.8949 5.0094553 2.443449
246.17632 11.55592 -2.2067077 3212.0504 4.9976635 2.4768468
246.17632 13.5 -2.20292 3212.4743 4.9941051 2.4870148
274.17887 1.0776513 -2.1448567 3238.7484 4.9969797 2.6159831
274.17887 2.6125179 -2.141463 3239.207 4.9938319 2.6254806
274.17887 6.4317573 -2.129379 3240.0809 4.9822166 2.660826
274.17887 10.497968 -2.1183464 3240.8459 4.9715941 2.6935667
274.17887 13.5 -2.1120425 3241.3702 4.9655711 2.7123092
304.99236 1.2034616 -2.0625812 3268.0382 4.9765988 2.8245733
304.99236 2.9299912 -2.0557406 3268.4563 4.9699804 2.8461781
304.99236 7.2261494 -2.0386497 3269.197 4.9532832 2.9014205
304.99236 10.558941 -2.0294272 3269.7533 4.9443562 2.9313937
304.99236 13.5 -2.0234895 3270.2507 4.9386827 2.9506037
339.70964 1.0484714 -1.979932 3298.8356 4.9570627 3.0488101
339.70964 2.5486792 -1.971058 3299.174 4.9483668 3.0794864
339.70964 5.761577 -1.9543305 3299.7433 4.9319391 3.1382835
339.70964 9.0927095 -1.9435304 3300.3502 4.9214585 3.1763801
339.70964 12.546428 -1.9363531 3300.9773 4.9146112 3.2015192
339.70964 13.5 -1.9348064 3301.1515 4.9131562 3.2068866
378.29723 2.4073243 -1.8812439 3329.4944 4.9211703 3.3530435
378.29723 4.2005417 -1.8722909 3329.8471 4.9124013 3.3870662
378.29723 7.3474376 -1.8624984 3330.6313 4.9030179 3.4238555
378.29723 10.610139 -1.8539858 3331.3259 4.8948675 3.4561343
378.29723 13.5 -1.8492499 3331.9616 4.8904631 3.4737039
420.90497 1.955032 -1.7760856 3367.547 4.8821044 3.6995388
420.90497 4.8134337 -1.7677948 3368.1515 4.8741255 3.7336797
420.90497 11.926052 -1.754426 3371.0563 4.8622542 3.7850594
420.90497 13.5 -1.752073 3371.7457 4.8602564 3.7937751
460.17479 2.2005748 -1.6877118 3414.4406 4.856493 3.9840308
460.17479 5.4233203 -1.6775163 3415.2004 4.8466841 4.0292773
460.17479 12.864297 -1.6624281 3419.0972 4.8335768 4.0905412
460.17479 13.5 -1.6612519 3419.4648 4.8325874 4.0952035
503.41343 1.5515077 -1.589037 3475.6223 4.8276722 4.3075869
503.41343 3.8016719 -1.5803856 3475.2553 4.8188374 4.3516251
503.41343 9.4008003 -1.565729 3479.5133 4.8063079 4.4148527
503.41343 13.5 -1.5561644 3483.4219 4.7986936 4.4537249
544.55878 1.2195335 -1.488827 3549.5118 4.7981263 4.6351842
544.55878 2.9772028 -1.4814295 3548.183 4.7900784 4.678331
544.55878 7.3508464 -1.4676192 3552.6623 4.7784598 4.741331
544.55878 13.5 -1.4500162 3561.3008 4.7650757 4.8149559
583.32096 2.3981562 -1.3840396 3633.3857 4.7637733 4.9908546
583.32096 5.9079613 -1.370992 3638.0853 4.7529712 5.0533105
583.32096 11.889045 -1.3504943 3649.5693 4.7379485 5.1414701
583.32096 13.5 -1.3449931 3652.9034 4.7340335 5.1646965
620.22922 1.8896102 -1.2903484 3724.8019 4.7398935 5.2897744
620.22922 4.643014 -1.2785139 3728.7728 4.72991 5.3509255
620.22922 9.543325 -1.2588828 3739.9511 4.7154788 5.4405707
620.22922 13.5 -1.2430342 3749.8408 4.7042179 5.5115653
656.42837 1.5517962 -1.1988417 3818.8903 4.7163579 5.591425
656.42837 3.8011921 -1.187654 3822.9019 4.7069941 5.6520293
656.42837 8.3204125 -1.1663986 3836.5253 4.6919184 5.7509854
656.42837 12.350797 -1.1473426 3849.9451 4.6789282 5.8376405
656.42837 13.5 -1.1417987 3853.933 4.6751828 5.8628673
