# mass_Mjup age_Gyr logL_Lsun Teff_K logg_cgs radius_Rjup
62.853931 1.038308 -4.2647437 1668.6066 5.3250721 0.85849539
62.853931 1.6545934 -4.5129017 1474.1365 5.357965 0.82659252
62.853931 2.6194352 -4.750535 1307.1493 5.3867483 0.79964981
62.853931 4.2498513 -4.9785978 1164.1136 5.4134917 0.77540416
62.853931 7.39631 -5.2097979 1036.4687 5.4429353 0.74955994
62.853931 11.16586 -5.4620475 906.75444 5.4629189 0.7325117
62.853931 13.5 -5.6000342 841.05549 5.4702454 0.72635898
66.505058 1.116947 -4.2214644 1718.2944 5.3572895 0.85092321
66.505058 1.7604757 -4.4692395 1518.4772 5.3903074 0.81918389
66.505058 2.8258197 -4.7111953 1344.3073 5.4206243 0.79108463
66.505058 4.5327105 -4.9458938 1192.4825 5.4471368 0.76730272
66.505058 7.5291265 -5.1554386 1073.698 5.474402 0.74359101
66.505058 12.30321 -5.4307273 929.57457 5.499299 0.72257947
66.505058 13.5 -5.5028142 893.7819 5.5031752 0.71936203
70.217936 1.3712463 -4.2441734 1712.1795 5.3973987 0.83489613
70.217936 2.1928048 -4.4978036 1508.3827 5.430878 0.80332782
70.217936 3.4472226 -4.7278961 1343.3761 5.4597147 0.77709564
70.217936 5.492868 -4.9570683 1195.3215 5.4860354 0.75390061
70.217936 9.1668296 -5.1760243 1071.0016 5.5142129 0.72983609
70.217936 13.5 -5.4021249 951.30556 5.5344332 0.71304216
73.329586 1.0375402 -4.0225977 1918.0559 5.391902 0.85861087
73.329586 1.6268355 -4.2540073 1714.2596 5.4281729 0.82349494
73.329586 2.6078693 -4.5064405 1511.1051 5.4614786 0.79251611
73.329586 4.1152889 -4.7358844 1346.5659 5.4906542 0.76633787
73.329586 6.5981762 -4.9682937 1196.7208 5.5181244 0.74248075
73.329586 10.944434 -5.1999752 1064.8462 5.5469821 0.71821807
73.329586 13.5 -5.3131186 1004.3522 5.5585221 0.708739
76.712043 1.4753517 -4.1055455 1854.0376 5.4354633 0.83523349
76.712043 2.4942414 -4.3702234 1628.0048 5.4742898 0.7987202
76.712043 3.8816694 -4.5996025 1451.5131 5.5043301 0.77156855
76.712043 6.1526 -4.8290163 1293.9119 5.5340788 0.74559013
76.712043 9.963148 -5.0698729 1145.8929 5.5638926 0.72043239
76.712043 13.5 -5.2359888 1052.3459 5.5820666 0.70551501
78.855373 1.3243854 -3.9774651 1980.3417 5.433837 0.84840829
78.855373 2.2018792 -4.2166381 1763.6259 5.4716753 0.81224258
78.855373 3.5596307 -4.4617573 1561.3676 5.5051894 0.78149951
78.855373 5.6442606 -4.6981637 1387.5971 5.5366286 0.75371836
78.855373 8.9792307 -4.9461521 1225.1447 5.568313 0.72671967
78.855373 13.5 -5.173031 1091.7469 5.5949304 0.70478758
79.558016 1.379774 -3.9710425 1988.9282 5.438783 0.84734103
79.558016 2.3119909 -4.2083489 1772.9289 5.4763782 0.81144788
79.558016 3.7689373 -4.4538142 1569.6116 5.5102471 0.78041605
79.558016 5.9904367 -4.693782 1392.5287 5.5422627 0.75217414
79.558016 9.4876269 -4.9451705 1227.6567 5.5747423 0.72456712
79.558016 13.5 -5.1501394 1106.0668 5.5985288 0.70499387
81.211755 1.4951247 -3.9387805 2026.094 5.4476179 0.84743868
81.211755 2.5774981 -4.1726195 1809.0451 5.484616 0.81209943
81.211755 4.4424414 -4.430499 1592.8299 5.5213757 0.77844759
81.211755 7.0448466 -4.6768543 1408.7435 5.554381 0.74942249
81.211755 10.829685 -4.9300943 1241.6024 5.5882235 0.72078453
81.211755 13.5 -5.0726012 1154.7907 5.6048133 0.70714841
82.226198 1.3364337 -3.8393886 2129.105 5.4397673 0.86045713
82.226198 2.2809444 -4.0691651 1904.475 5.4758566 0.82543827
82.226198 4.1969825 -4.3119319 1693.496 5.5146589 0.78937506
82.226198 6.5324784 -4.5468053 1505.7794 5.545441 0.76189019
82.226198 10.028275 -4.7979797 1329.601 5.5804554 0.73178781
82.226198 13.5 -5.0079243 1195.5139 5.6057331 0.71079824
82.630968 1.0207638 -3.7049451 2268.9435 5.4179628 0.8844999
82.630968 1.8012596 -3.9488528 2020.9007 5.4607557 0.84197913
82.630968 3.1956827 -4.1674736 1817.8883 5.4954653 0.80899634
82.630968 5.6043973 -4.4197338 1605.6589 5.53207 0.77561144
82.630968 8.558341 -4.6588562 1425.0558 5.5639067 0.74769733
82.630968 12.525449 -4.9085887 1259.0114 5.5984302 0.71856173
82.630968 13.5 -4.9641314 1223.9888 5.6049642 0.71317665
83.419901 1.6308254 -3.8632612 2109.1458 5.4535374 0.85304889
83.419901 3.0359166 -4.0913478 1888.0181 5.4892222 0.8187127
83.419901 5.8600613 -4.3393604 1674.2252 5.5284657 0.78254575
83.419901 9.1633472 -4.5921993 1475.0595 5.5612873 0.75352725
83.419901 13.265154 -4.8454196 1301.8177 5.5974701 0.72278239
83.419901 13.5 -4.8608749 1291.6457 5.5992983 0.7212627
83.898958 1.0508922 -3.6681375 2312.2021 5.4205774 0.88858172
83.898958 1.9331263 -3.8994387 2074.3548 5.4633075 0.84592586
83.898958 3.704698 -4.1136418 1869.5155 5.4968948 0.81383932
83.898958 7.2281818 -4.3693014 1650.7932 5.5364088 0.77764549
83.898958 11.068734 -4.6256597 1451.9912 5.5698523 0.74827268
83.898958 13.5 -4.7697785 1353.0079 5.5913164 0.7300084
84.119883 1.317058 -3.7467836 2230.4979 5.4378697 0.87221244
84.119883 2.4806195 -3.9705175 2004.6694 5.4761673 0.83459052
84.119883 5.3759328 -4.20598 1789.3449 5.5142351 0.79880278
84.119883 9.4278962 -4.4698939 1570.4061 5.5514205 0.76532668
84.119883 12.644956 -4.6658967 1424.1243 5.5775671 0.74263185
84.119883 13.5 -4.7147584 1390.5643 5.5850016 0.73630257
84.518693 1.0039921 -3.6247698 2360.5833 5.4163801 0.8961777
84.518693 1.9852097 -3.8673014 2108.7577 5.462941 0.84940277
84.518693 4.0564879 -4.0797895 1901.8356 5.4960143 0.81766804
84.518693 7.4953507 -4.2635968 1741.349 5.526673 0.78931009
84.518693 11.060764 -4.4635589 1576.5114 5.5538802 0.76496939
84.518693 13.5 -4.6034393 1469.6954 5.5718816 0.74927868
84.772562 1.9828744 -3.8509296 2126.0637 5.4620701 0.85153079
84.772562 4.4384775 -4.0734222 1908.5862 5.4971047 0.81786771
84.772562 8.1367292 -4.2389321 1763.1788 5.524953 0.79206154
84.772562 11.358126 -4.3969606 1630.6471 5.547236 0.77200025
84.772562 13.5 -4.5052765 1544.7322 5.5615247 0.75940431
84.87663 1.6649719 -3.7901123 2188.2471 5.4518659 0.86212227
84.87663 3.667363 -4.0152166 1963.9943 5.4891457 0.82590285
84.87663 7.2615555 -4.1803278 1814.0467 5.5162898 0.80049186
84.87663 10.388227 -4.3114082 1702.3207 5.5369419 0.78168338
84.87663 13.5 -4.4624463 1578.4367 5.5567232 0.76408246
85.119609 1.8024341 -3.8008523 2178.0653 5.4557457 0.85950765
85.119609 3.982613 -4.0096881 1970.0987 5.4902498 0.82603354
85.119609 7.266063 -4.1339757 1855.6158 5.5105376 0.80696327
85.119609 10.670344 -4.2426424 1761.147 5.5284346 0.79050619
85.119609 13.5 -4.349443 1671.1109 5.5440739 0.77640023
85.334628 1.557382 -3.7435534 2238.0604 5.446746 0.86955577
85.334628 3.3874028 -3.9523105 2026.3756 5.4828958 0.83410849
85.334628 6.6721989 -4.0827081 1901.9014 5.5031655 0.8148688
85.334628 10.077876 -4.1599536 1833.4435 5.5167291 0.80224286
85.334628 13.5 -4.2436832 1760.9773 5.5304037 0.78971174
85.537937 1.5510243 -3.7308094 2252.0601 5.4458682 0.87147126
85.537937 3.2427457 -3.9236448 2055.485 5.480041 0.83785077
85.537937 6.8657956 -4.054911 1928.4278 5.5004634 0.81838082
85.537937 10.014097 -4.1050108 1882.7712 5.5089399 0.81043315
85.537937 13.278255 -4.1511148 1841.9772 5.5169907 0.80295609
85.537937 13.5 -4.1543805 1839.0944 5.5175355 0.80245265
85.7656 1.1844418 -3.6321474 2357.2703 5.4276781 0.89109762
85.7656 2.356809 -3.8306299 2149.8675 5.4661699 0.85247053
85.7656 5.2740337 -3.9850425 1995.9135 5.4915025 0.82796708
85.7656 8.965177 -4.0468815 1936.8438 5.5011531 0.81881874
85.7656 12.18534 -4.0716739 1913.7892 5.5051436 0.81506558
85.7656 13.5 -4.0787423 1907.2587 5.506274 0.81400554
86.066589 1.9495513 -3.7625672 2220.7616 5.4559897 0.86403276
86.066589 4.4459382 -3.924335 2056.5104 5.4842734 0.83635061
86.066589 7.6045985 -3.9823836 1999.5212 5.4935023 0.82751126
86.066589 10.879497 -4.0027578 1979.9131 5.496757 0.82441626
86.066589 13.5 -4.0092594 1973.7201 5.4978164 0.82341137
86.499774 1.0869166 -3.5698183 2427.0005 5.4196928 0.90316865
86.499774 2.5223306 -3.787081 2196.8241 5.4638573 0.85839392
86.499774 6.0941001 -3.9035803 2078.835 5.4844555 0.83827692
86.499774 9.3808886 -3.9254186 2056.9591 5.4879164 0.83494349
86.499774 12.685441 -3.9294791 2052.985 5.4886173 0.83426995
86.499774 13.5 -3.9296585 2052.8262 5.4886623 0.83422679
87.04397 1.1581756 -3.565245 2433.9396 5.4228031 0.90276682
87.04397 2.7505152 -3.7584254 2228.3963 5.4627139 0.86222409
87.04397 6.1607256 -3.8343597 2150.4014 5.4767567 0.84839631
87.04397 9.6964318 -3.8464434 2138.2824 5.4790224 0.84618615
87.04397 13.5 -3.8472569 2137.5765 5.4792624 0.84595236
87.686085 1.9731629 -3.6573026 2337.3083 5.4476773 0.88051032
87.686085 4.8344344 -3.7519859 2237.3354 5.4664211 0.86171288
87.686085 8.4547805 -3.764334 2224.6028 5.4688548 0.85930184
87.686085 12.208355 -3.763988 2225.102 5.4688985 0.85925855
87.686085 13.5 -3.7634583 2225.7014 5.4688367 0.8593197
88.414729 1.3464593 -3.5399538 2466.1499 5.4271364 0.90531951
88.414729 3.2743272 -3.6650011 2331.6879 5.4547875 0.87695301
88.414729 6.7347543 -3.686714 2308.5324 5.4591626 0.87254691
88.414729 10.322525 -3.686521 2308.9044 5.4592495 0.87245963
88.414729 13.5 -3.6850158 2310.6699 5.4590721 0.87263778
89.272274 1.3263487 -3.4970024 2515.0027 5.4224529 0.91461777
89.272274 3.2236578 -3.5973171 2407.2084 5.4466686 0.88947097
89.272274 6.6292333 -3.6096321 2394.0894 5.4494902 0.88658618
89.272274 10.160134 -3.608526 2395.4752 5.4493894 0.88668911
89.272274 13.5 -3.6069458 2397.3622 5.4491772 0.8869058
90.261456 1.3045957 -3.44882 2570.2795 5.4168238 0.92565048
90.261456 3.1688739 -3.5256905 2488.0221 5.4371898 0.90419899
90.261456 6.5151605 -3.5326065 2480.877 5.4391099 0.90220244
90.261456 9.9845905 -3.5311651 2482.6397 5.4389023 0.90241811
90.261456 13.5 -3.5294404 2484.7062 5.4386231 0.90270825
91.393969 1.2000118 -3.3880534 2639.0032 5.4073107 0.94169697
91.393969 2.9076078 -3.4524256 2570.6448 5.4260915 0.92155399
91.393969 6.5646554 -3.4562489 2566.8313 5.4273358 0.92023473
91.393969 9.7424991 -3.4547815 2568.6543 5.4271018 0.9204827
91.393969 13.037287 -3.4531893 2570.6211 5.4268392 0.92076107
91.393969 13.5 -3.4529655 2570.8975 5.4268022 0.92080026
92.707922 1.2755377 -3.3427573 2691.3391 5.402328 0.95389861
92.707922 3.0951983 -3.3808069 2651.5534 5.4145054 0.9406185
92.707922 6.3613984 -3.3811538 2651.4893 5.4148102 0.94028843
92.707922 9.7477948 -3.3795592 2653.4854 5.4145229 0.94059947
92.707922 13.258811 -3.3778874 2655.5753 5.4142189 0.9409288
92.707922 13.5 -3.3777726 2655.7188 5.414198 0.94095143
94.256893 1.4911014 -3.2929689 2748.6728 5.3963543 0.96847222
94.256893 3.6307644 -3.3073098 2734.0865 5.401452 0.96280494
94.256893 7.4713529 -3.3058178 2736.0531 5.4012091 0.96307428
94.256893 11.453275 -3.3039672 2738.4073 5.4008525 0.9634697
94.256893 13.5 -3.3030162 2739.6172 5.4006689 0.96367342
96.084409 1.5530319 -3.2273174 2821.7366 5.3846163 0.99111961
96.084409 3.7843453 -3.2332964 2816.0557 5.3870943 0.98829605
96.084409 9.3365671 -3.2308703 2819.1828 5.3865963 0.98886292
96.084409 13.5 -3.229002 2821.5769 5.3862025 0.98931129
98.310969 1.8192776 -3.1574551 2897.6835 5.370841 1.0185638
98.310969 4.4468761 -3.1578323 2897.7079 5.3712329 1.0181044
98.310969 10.985182 -3.1550087 2901.382 5.3706104 1.0188343
98.310969 13.5 -3.153912 2902.8257 5.370378 1.019107
101.02491 1.2768117 -3.0788189 2981.408 5.3535132 1.0533324
101.02491 3.0972385 -3.0814125 2979.3384 5.3549005 1.0516514
101.02491 7.627043 -3.079527 2981.8567 5.3544827 1.0521573
101.02491 13.5 -3.0770608 2985.1406 5.3539286 1.0528287
104.29865 1.847089 -3.0055693 3055.8243 5.3369416 1.0908783
104.29865 4.5170208 -3.0046992 3057.0559 5.3367716 1.0910919
104.29865 11.160666 -3.0020841 3060.4938 5.3361089 1.0919246
104.29865 13.5 -3.0011618 3061.7055 5.3358742 1.0922197
108.51299 1.5688886 -2.9249041 3132.7654 5.3166774 1.1389638
108.51299 3.8265268 -2.9242038 3133.7828 5.3165413 1.1391424
108.51299 9.444253 -2.9220689 3136.61 5.3159728 1.1398881
108.51299 13.5 -2.9205171 3138.6593 5.3155557 1.1404356
113.73155 1.963747 -2.8415903 3207.8423 5.2949034 1.1956293
113.73155 4.8121228 -2.8405393 3209.2469 5.2946129 1.1960292
113.73155 11.899793 -2.8378576 3212.7909 5.2938486 1.1970822
113.73155 13.5 -2.8372424 3213.5983 5.2936699 1.1973285
119.99641 1.1191325 -2.758548 3276.9558 5.2721786 1.2606734
119.99641 2.7148712 -2.7581204 3277.6385 5.2721129 1.2607688
119.99641 6.6855799 -2.7566495 3279.5754 5.2716683 1.2614143
119.99641 13.5 -2.7540007 3282.9904 5.2708275 1.262636
127.48937 1.8470003 -2.6747739 3342.468 5.2490971 1.3344313
127.48937 4.5318803 -2.6737392 3343.8584 5.2487848 1.3349111
127.48937 11.212721 -2.6709428 3347.4226 5.2478391 1.3363654
127.48937 13.5 -2.6699106 3348.6732 5.2474558 1.3369552
136.40002 1.4858828 -2.5912383 3401.6829 5.2254081 1.4184399
136.40002 3.6355278 -2.5904287 3402.6652 5.2251001 1.418943
136.40002 8.9845324 -2.5880978 3405.227 5.2240766 1.4206159
136.40002 13.5 -2.5857717 3407.5148 5.2229173 1.4225133
146.99042 2.0537059 -2.5062168 3457.3724 5.2010706 1.5143176
146.99042 5.044616 -2.5046558 3459.1791 5.2004172 1.5154573
146.99042 12.486957 -2.4993005 3464.3238 5.1976435 1.5203043
146.99042 13.5 -2.4984169 3465.0917 5.1971449 1.5211772
159.11384 1.6856739 -2.4167691 3522.0401 5.1782344 1.617501
159.11384 4.1320611 -2.4150876 3523.8766 5.1774585 1.6189466
159.11384 10.219455 -2.408719 3529.4469 5.1738337 1.6257169
159.11384 13.5 -2.4041625 3533.1344 5.1710912 1.630858
171.97629 2.0355045 -2.3247503 3603.9822 5.1599296 1.7174231
171.97629 5.0060894 -2.3207691 3608.3519 5.1580534 1.7211367
171.97629 12.397855 -2.3083654 3615.0664 5.1488792 1.7394119
171.97629 13.5 -2.3064812 3615.6267 5.1472643 1.7426491
185.14407 2.1468645 -2.2569389 3638.5985 5.1407653 1.8217133
185.14407 5.2856618 -2.2523881 3640.3593 5.137055 1.8295116
185.14407 13.095994 -2.2371318 3644.0471 5.1235576 1.8581632
185.14407 13.5 -2.2363458 3644.2129 5.1228507 1.8596762
203.91885 2.308112 -2.1749803 3672.6164 5.11692 1.9650628
203.91885 5.6905156 -2.1671326 3674.0378 5.1097445 1.9813637
203.91885 13.5 -2.1485985 3676.3181 5.0922883 2.0215864
225.31527 2.4162642 -2.0930013 3703.5806 5.0928592 2.1236036
225.31527 5.963291 -2.0810049 3704.2025 5.0811545 2.1524142
225.31527 13.5 -2.0616562 3705.0053 5.0621823 2.1999456
249.92519 1.0005361 -2.0152348 3732.238 5.0735022 2.2869763
249.92519 2.4433325 -2.009559 3732.3808 5.067893 2.3017932
249.92519 6.0334716 -1.9938032 3732.008 5.0519636 2.3443962
249.92519 13.5 -1.9748023 3731.8812 5.0329037 2.396409
