# mass_Mjup age_Gyr logL_Lsun Teff_K logg_cgs radius_Rjup
62.853931 1.1506713 -4.350879 1579.5322 5.3159055 0.86760341
62.853931 1.8211773 -4.5672797 1419.1031 5.346248 0.83781856
62.853931 3.1903876 -4.8190075 1252.6461 5.3812336 0.80474298
62.853931 5.5723551 -5.0349403 1127.822 5.4148151 0.77422364
62.853931 9.8916684 -5.2843965 996.97005 5.4500375 0.74345598
62.853931 13.5 -5.4784441 900.40637 5.4671108 0.72898497
66.492686 1.230302 -4.3014028 1632.6264 5.348304 0.85969161
66.492686 1.8736423 -4.518054 1464.6083 5.3762939 0.83243011
66.492686 3.2359664 -4.7554352 1303.2571 5.4109096 0.79990779
66.492686 5.528706 -4.9762395 1169.1481 5.4430716 0.77083058
66.492686 9.7973921 -5.2108489 1042.6378 5.4787367 0.73982046
66.492686 13.5 -5.3922489 949.48996 5.4975644 0.72395661
70.430346 1.0154393 -4.0758131 1843.4639 5.3586916 0.87426256
70.430346 1.5533762 -4.3304696 1622.0428 5.3910588 0.84228353
70.430346 2.4304536 -4.5476636 1455.3336 5.4198537 0.8148184
70.430346 4.2706139 -4.788618 1293.0425 5.4554091 0.78213752
70.430346 7.3979355 -5.0151077 1157.4402 5.4894419 0.75208465
70.430346 12.411627 -5.2544045 1028.0529 5.5228063 0.72374327
70.430346 13.5 -5.3059782 1000.9326 5.5279375 0.71948034
73.329586 1.3809809 -4.1687357 1770.6608 5.3991365 0.85148921
73.329586 2.1048792 -4.40997 1566.9105 5.4280061 0.82365308
73.329586 3.2971299 -4.6019775 1425.6759 5.4559201 0.79760407
73.329586 5.7076941 -4.8378527 1270.0573 5.4910053 0.76602814
73.329586 9.8915068 -5.0733305 1132.5209 5.5273748 0.73461534
73.329586 13.5 -5.2367328 1043.3266 5.5482733 0.71715122
75.775941 1.4468988 -4.1109787 1830.8512 5.4137023 0.85118172
75.775941 2.2864286 -4.362092 1613.1667 5.4449204 0.82113249
75.775941 3.6761239 -4.5731084 1452.1142 5.4732229 0.7948076
75.775941 6.591415 -4.8178598 1289.6261 5.5118266 0.76025652
75.775941 10.856418 -5.0507962 1151.121 5.5473915 0.72975601
75.775941 13.5 -5.167704 1085.966 5.5630805 0.71669309
76.324557 1.4841146 -4.1049518 1838.0866 5.4176601 0.85037383
76.324557 2.3548866 -4.3541593 1621.3577 5.4489191 0.82031445
76.324557 3.8024136 -4.5676257 1457.3511 5.4771269 0.79410235
76.324557 6.9229598 -4.8176255 1291.4014 5.5171149 0.75837233
76.324557 11.289698 -5.0521373 1151.7454 5.5528076 0.72784031
76.324557 13.5 -5.1460395 1099.484 5.5660395 0.71683661
78.399137 1.1892268 -3.9145905 2024.1481 5.4064511 0.87304752
78.399137 1.9440196 -4.152562 1802.7146 5.4431613 0.83691772
78.399137 3.2902523 -4.4145725 1578.4141 5.4743477 0.80740152
78.399137 5.5688906 -4.6212557 1425.8918 5.5044934 0.77986016
78.399137 9.7351736 -4.8823917 1257.2516 5.5469719 0.74263848
78.399137 13.5 -5.0638 1150.2469 5.5738556 0.72000516
79.619314 1.3373266 -3.9242903 2019.0211 5.4184523 0.86774243
79.619314 2.226616 -4.1541664 1805.2755 5.4539389 0.83300486
79.619314 3.8435079 -4.4064321 1588.58 5.484067 0.80460641
79.619314 6.6631811 -4.6146148 1433.7388 5.5140935 0.777267
79.619314 11.317211 -4.8796742 1262.4836 5.5581757 0.73880384
79.619314 13.5 -4.9958788 1191.7163 5.5741689 0.72532482
80.206427 1.4511916 -3.93677 2008.9707 5.4254537 0.86394384
80.206427 2.4307191 -4.1589584 1802.9341 5.4596671 0.83057495
80.206427 4.177696 -4.3978452 1597.3212 5.4882035 0.80373076
80.206427 7.3243882 -4.6055578 1441.5413 5.5176554 0.77693492
80.206427 10.546499 -4.7759324 1329.2386 5.5471335 0.75100982
80.206427 13.5 -4.9331476 1231.3417 5.5714512 0.73027555
80.922748 1.6603408 -3.9639468 1985.1362 5.4357588 0.8575584
80.922748 3.0707291 -4.2117429 1757.7903 5.4722619 0.82226566
80.922748 5.2395337 -4.4262409 1576.3146 5.4974632 0.79875114
80.922748 8.9051555 -4.6118878 1439.1227 5.5249298 0.77388815
80.922748 13.135628 -4.8192823 1303.8919 5.5608994 0.74249474
80.922748 13.5 -4.8393605 1291.1733 5.5639494 0.73989206
81.142347 1.3930405 -3.8771524 2070.5885 5.4233553 0.87107175
81.142347 2.4371799 -4.1059693 1853.0992 5.4593916 0.83567184
81.142347 4.3199765 -4.3324408 1654.0158 5.4884272 0.80819838
81.142347 7.9055871 -4.5474232 1484.2947 5.5153315 0.78354834
81.142347 11.249495 -4.6897078 1387.5104 5.5404805 0.76118693
81.142347 13.5 -4.802491 1315.1507 5.5602208 0.74408262
81.618333 1.4992844 -3.8869603 2062.4867 5.4288928 0.86807102
81.618333 2.721575 -4.1152662 1846.2729 5.4648177 0.83289986
81.618333 5.228511 -4.3532627 1638.099 5.4949911 0.80446305
81.618333 8.7991004 -4.5305746 1497.3522 5.5162383 0.78502318
81.618333 12.121974 -4.645379 1418.1506 5.5366362 0.76680248
81.618333 13.5 -4.7015215 1381.1114 5.5468041 0.75787848
81.73796 1.7931133 -3.9527721 1998.6888 5.4407566 0.85692211
81.73796 3.3015231 -4.1734115 1794.8969 5.4745734 0.82420064
81.73796 6.3346845 -4.403529 1597.2331 5.5020061 0.79857665
81.73796 9.7900231 -4.5462304 1486.8059 5.5202515 0.78197693
81.73796 13.372518 -4.6721814 1400.6918 5.5425557 0.76215243
81.73796 13.5 -4.6773585 1397.2385 5.5434446 0.76137279
82.146261 1.3165382 -3.8089853 2142.0454 5.4194679 0.8803751
82.146261 2.4192785 -4.042256 1914.4845 5.4576314 0.84253117
82.146261 4.8242128 -4.2702636 1710.1363 5.4895544 0.81212798
82.146261 8.0638844 -4.4264983 1580.0248 5.5083218 0.79476873
82.146261 11.422776 -4.5353129 1495.5645 5.5217014 0.78262007
82.146261 13.5 -4.587232 1459.4337 5.5311375 0.77416391
82.599292 1.2528592 -3.7702523 2182.4756 5.4156064 0.88673277
82.599292 2.380428 -4.004875 1951.4362 5.4558489 0.84658682
82.599292 4.6707035 -4.2087334 1765.8586 5.4861135 0.81759677
82.599292 7.9994458 -4.3564632 1638.5167 5.5038231 0.80109565
82.599292 11.450686 -4.4491674 1563.4764 5.5150891 0.79077222
82.599292 13.5 -4.4945945 1527.8502 5.5204741 0.78588477
83.088329 1.8845953 -3.8944111 2060.1203 5.4421015 0.86263491
83.088329 3.675802 -4.0926739 1871.2978 5.4733657 0.83213722
83.088329 6.8909289 -4.251202 1729.7475 5.495253 0.81143042
83.088329 10.224373 -4.3294628 1662.5784 5.5047115 0.80264232
83.088329 13.5 -4.3778058 1622.6914 5.5108697 0.79697176
83.507065 1.6867538 -3.8332537 2122.4375 5.4348966 0.87200919
83.507065 3.6861454 -4.0551741 1906.8475 5.4707412 0.83675588
83.507065 7.2749538 -4.1967091 1779.5658 5.4922687 0.81627229
83.507065 10.99583 -4.26494 1719.0286 5.5003758 0.80868894
83.507065 13.5 -4.2867665 1700.1715 5.5030408 0.80621153
83.967016 1.0798491 -3.6582113 2301.8398 5.4032005 0.90690516
83.967016 2.1501179 -3.880939 2076.4335 5.4468999 0.86240687
83.967016 4.8132893 -4.0620287 1901.9932 5.4755533 0.83442145
83.967016 8.1829808 -4.1392259 1832.3535 5.4879518 0.82259533
83.967016 11.676677 -4.1828169 1793.6541 5.4944605 0.81645431
83.967016 13.5 -4.1964882 1781.3018 5.4961271 0.81488925
84.474675 1.1886715 -3.6719476 2289.3709 5.4101189 0.90242599
84.474675 2.3965749 -3.8747142 2084.3284 5.4498855 0.86204177
84.474675 5.402225 -4.0211062 1942.1158 5.4735133 0.83890806
84.474675 8.6022355 -4.0630819 1902.6732 5.4798453 0.83281467
84.474675 11.920006 -4.0773107 1889.7074 5.4821956 0.83056424
84.474675 13.5 -4.0808363 1886.5325 5.4828001 0.82998643
84.913629 1.2240298 -3.6620959 2301.1754 5.4114523 0.90337972
84.913629 2.7627219 -3.8713122 2089.2119 5.4527997 0.86138362
84.913629 6.0580388 -3.9801384 1982.8398 5.4708465 0.84367121
84.913629 9.4746234 -4.0043459 1959.6182 5.4745893 0.84004359
84.913629 12.971757 -4.0091298 1955.1015 5.4753645 0.83929418
84.913629 13.5 -4.0093127 1954.9369 5.4754012 0.83925877
85.527349 2.0769358 -3.7707905 2191.8896 5.4387503 0.87858767
85.527349 4.8341978 -3.8928411 2069.8579 5.4612883 0.85608349
85.527349 8.3229415 -3.9192796 2043.9597 5.4658541 0.85159525
85.527349 11.940071 -3.9231176 2040.314 5.4665907 0.85087337
85.527349 13.5 -3.9231169 2040.3535 5.4666236 0.85084109
86.239355 1.8445652 -3.7015872 2265.0434 5.4301789 0.89098636
86.239355 4.4564803 -3.8152135 2149.6577 5.4529764 0.86790527
86.239355 7.7613176 -3.8353362 2129.6139 5.4568253 0.86406787
86.239355 11.187773 -3.8369368 2128.119 5.457206 0.86368925
86.239355 13.5 -3.8363402 2128.7854 5.4571533 0.86374165
87.044501 1.1607253 -3.5526423 2423.5775 5.4027914 0.92381019
87.044501 2.8083316 -3.7117402 2257.4596 5.4385416 0.88655897
87.044501 6.3369032 -3.7507395 2217.6734 5.4466513 0.87832009
87.044501 9.9953262 -3.7522007 2216.313 5.4470466 0.87792041
87.044501 13.174365 -3.7511194 2217.545 5.4469306 0.87803768
87.044501 13.5 -3.7509939 2217.6863 5.4469158 0.87805263
87.950133 1.0045163 -3.4808227 2501.6651 5.390556 0.94177692
87.950133 2.418498 -3.6358754 2339.6356 5.4292849 0.90070711
87.950133 5.9369369 -3.6710883 2302.6211 5.4367948 0.89295308
87.950133 9.1746498 -3.6711593 2302.6998 5.4369252 0.89281899
87.950133 12.429862 -3.6699253 2304.1549 5.4367886 0.89295944
87.950133 13.5 -3.6695012 2304.6528 5.4367399 0.89300948
88.991489 1.4171364 -3.5103495 2474.8205 5.4064529 0.93015555
88.991489 3.444257 -3.5866917 2394.9529 5.4258082 0.90965752
88.991489 7.0828377 -3.5925949 2388.9924 5.4273825 0.90801024
88.991489 10.248123 -3.5914588 2390.3567 5.4272382 0.9081611
88.991489 13.5 -3.5901041 2391.9545 5.4270443 0.90836385
90.110519 1.3934287 -3.4587345 2532.2831 5.4001391 0.94281392
90.110519 3.3846294 -3.51548 2473.574 5.4161353 0.92560968
90.110519 6.9587355 -3.5180788 2471.099 5.416995 0.92469395
90.110519 10.664369 -3.5165823 2472.9082 5.4167699 0.92493366
90.110519 13.5 -3.5153874 2474.3446 5.4165838 0.92513182
91.468728 1.322447 -3.3969759 2600.491 5.39105 0.95988471
91.468728 3.2066051 -3.4394025 2557.1654 5.4042905 0.94536351
91.468728 5.516904 -3.4406144 2556.0999 5.4047784 0.94483261
91.468728 5.5928559 -3.4406004 2556.1203 5.4047783 0.94483273
91.468728 5.7818485 -3.4405542 2556.1829 5.4047746 0.9448368
91.468728 6.2521226 -3.4403979 2556.3809 5.4047529 0.94486037
91.468728 7.422315 -3.43993 2556.9552 5.4046752 0.94494488
91.468728 10.334128 -3.4387113 2558.4406 5.4044654 0.94517314
91.468728 13.5 -3.4373831 2560.0596 5.4042361 0.94542273
93.053294 1.5691854 -3.3480447 2655.9152 5.3862133 0.97356954
93.053294 3.8197803 -3.3639122 2640.0804 5.3916926 0.96744735
93.053294 7.2092803 -3.3628475 2641.4797 5.3915485 0.96760791
93.053294 10.723514 -3.3613954 2643.2841 5.3912827 0.96790408
93.053294 13.5 -3.360247 2644.7111 5.3910718 0.96813903
94.911054 1.8100204 -3.2835587 2726.4531 5.3758478 0.99504402
94.911054 4.4183462 -3.2877589 2722.6322 5.3776117 0.99302528
94.911054 9.1001613 -3.2859145 2724.9501 5.3772456 0.99344396
94.911054 13.5 -3.2841454 2727.1636 5.3768871 0.9938541
97.146896 1.0466861 -3.1933077 2820.0543 5.3543466 1.031927
97.146896 2.5187615 -3.2114498 2803.3865 5.3621908 1.0226496
97.146896 6.1817562 -3.2104511 2804.787 5.3620597 1.0228039
97.146896 13.5 -3.2076132 2808.3735 5.3614417 1.0235319
99.838273 1.5696542 -3.1336891 2883.0697 5.3449869 1.0574573
99.838273 3.8207432 -3.1347271 2882.4831 5.3456713 1.0566244
99.838273 9.422173 -3.1326481 2885.1373 5.3451912 1.0572086
99.838273 13.5 -3.1311305 2887.0728 5.3448386 1.0576379
103.23523 1.1318803 -3.0512462 2965.4987 5.3260452 1.0990037
103.23523 2.7325478 -3.0542546 2963.2585 5.3277408 1.0968604
103.23523 6.7155207 -3.0528214 2965.1464 5.327414 1.0972732
103.23523 13.5 -3.0503443 2968.3924 5.3268376 1.0980015
107.4122 1.9539171 -2.9725158 3041.014 5.3082232 1.1442555
107.4122 4.7795492 -2.9715931 3042.2451 5.3080036 1.1445448
107.4122 11.810626 -2.9691404 3045.4263 5.3073664 1.1453846
107.4122 13.5 -2.9685485 3046.1927 5.3072117 1.1455887
112.50705 1.7683928 -2.8895446 3114.9061 5.2870843 1.1999289
112.50705 4.3214255 -2.8887016 3116.03 5.286868 1.2002277
112.50705 10.674188 -2.8864964 3118.9018 5.2862631 1.2010639
112.50705 13.5 -2.8855033 3120.1887 5.2859866 1.2014462
118.64172 1.3499665 -2.8061217 3184.0882 5.2648795 1.2641154
118.64172 3.2848137 -2.8055431 3184.8968 5.2647421 1.2643154
118.64172 8.0993328 -2.803888 3187.04 5.2642556 1.2650237
118.64172 13.5 -2.801967 3189.4936 5.2636715 1.2658748
125.98504 1.6500794 -2.7219563 3249.6 5.242175 1.3371489
125.98504 4.0377885 -2.7211175 3250.7193 5.2419344 1.3375192
125.98504 9.9791727 -2.7189021 3253.5676 5.2412406 1.3385882
125.98504 13.5 -2.717508 3255.2898 5.2407657 1.3393201
134.67958 2.1048353 -2.6379872 3309.2725 5.2187992 1.4202312
134.67958 5.1712573 -2.6369026 3310.5476 5.2183838 1.4209106
134.67958 12.801497 -2.6337622 3313.8877 5.2169952 1.4231839
134.67958 13.5 -2.6334425 3314.2051 5.2168419 1.4234352
145.02216 1.3292843 -2.5535781 3363.7539 5.1948894 1.5148871
145.02216 3.2374244 -2.5527781 3364.7409 5.1945991 1.5153935
145.02216 7.9854878 -2.5503715 3367.3816 5.1935553 1.5172156
145.02216 13.5 -2.5468287 3370.7862 5.191768 1.5203408
156.96319 1.5250157 -2.4630706 3428.8477 5.1720413 1.6180279
156.96319 3.727759 -2.4618272 3430.2886 5.1715277 1.618985
156.96319 9.2088891 -2.4574793 3434.4011 5.1692613 1.6232149
156.96319 13.5 -2.4529139 3438.1906 5.1666117 1.6281741
169.67794 1.7122783 -2.3706563 3509.5429 5.1538641 1.7178627
169.67794 4.1971256 -2.367867 3513.3356 5.1529511 1.7196693
169.67794 10.380221 -2.3589638 3521.0636 5.1478648 1.7297689
169.67794 13.5 -2.3542698 3523.3522 5.1442995 1.7368836
182.56746 1.0585926 -2.3025425 3546.4568 5.1357246 1.8195213
182.56746 2.5737548 -2.301402 3547.2356 5.1349656 1.821112
182.56746 6.3439634 -2.296708 3549.1656 5.1312166 1.8289893
182.56746 13.5 -2.2847337 3552.3293 5.12079 1.8510768
201.10388 1.2019749 -2.2206143 3580.9942 5.1126293 1.9611163
201.10388 2.9341774 -2.2184897 3581.7769 5.1108844 1.9650598
201.10388 7.2444516 -2.2098015 3583.4233 5.1029945 1.982991
201.10388 13.5 -2.1966263 3585.1997 5.0906803 2.0113046
222.14234 2.3004462 -2.1380321 3612.2614 5.0883602 2.1195484
222.14234 5.6709794 -2.1287568 3612.9606 5.0794211 2.1414744
222.14234 13.5 -2.1096321 3613.8127 5.0607061 2.1881162
246.32609 1.6270688 -2.0576307 3641.0908 5.0666472 2.2884391
246.32609 3.9987168 -2.0487847 3641.1125 5.0578116 2.3118369
246.32609 9.900136 -2.0298636 3640.6647 5.0386768 2.3633311
246.32609 13.5 -2.0223517 3640.6354 5.031151 2.3838969
273.64411 1.028108 -1.977886 3669.6883 5.0461689 2.4695418
273.64411 2.4578981 -1.9708831 3669.3442 5.0390031 2.4899995
273.64411 6.0156735 -1.9541482 3667.9675 5.0216163 2.5403447
273.64411 13.5 -1.9360473 3666.9691 5.0030426 2.5952521
304.63583 1.1085891 -1.8948756 3698.8463 5.0235018 2.6745292
304.63583 2.7147975 -1.8831585 3697.4688 5.0111377 2.7128726
304.63583 6.7115582 -1.8630921 3697.4175 4.9910472 2.7763528
304.63583 13.5 -1.8477826 3700.3422 4.9771113 2.8212569
