# mass_Mjup age_Gyr logL_Lsun Teff_K logg_cgs radius_Rjup
62.853931 1.2705145 -4.3861758 1557.5757 5.3268851 0.85670531
62.853931 1.9048311 -4.6122123 1388.3554 5.3531275 0.83120903
62.853931 3.1578767 -4.8278925 1247.7435 5.3833063 0.8028249
62.853931 5.6057169 -5.0620421 1111.3801 5.4164052 0.77280765
62.853931 9.5728226 -5.3090148 980.98497 5.4465768 0.74642402
62.853931 13.5 -5.5340074 869.968 5.4629331 0.73249972
66.574905 1.020975 -4.161868 1757.294 5.3371364 0.87135447
66.574905 1.5519987 -4.4101631 1551.4203 5.3689717 0.83999599
66.574905 2.3331838 -4.6339261 1384.4628 5.3949419 0.8152524
66.574905 3.8647847 -4.8446384 1247.5775 5.4247992 0.78770473
66.574905 6.8748581 -5.0802012 1110.5454 5.4582371 0.75795687
66.574905 11.229393 -5.3185974 983.8238 5.4861574 0.73398024
66.574905 13.5 -5.4389849 922.8658 5.4954298 0.72618646
70.490795 1.2324231 -4.1690494 1765.2203 5.3769576 0.85643656
70.490795 1.8986076 -4.4198024 1556.588 5.4092096 0.82521893
70.490795 2.8747293 -4.6456005 1387.498 5.4352425 0.80085285
70.490795 4.9796987 -4.8676526 1244.1188 5.4678126 0.77137877
70.490795 8.6598363 -5.1029893 1107.5765 5.5011967 0.74229347
70.490795 13.5 -5.3380291 981.92686 5.5270581 0.72051811
73.329586 1.5147953 -4.2029028 1745.9005 5.4088401 0.84202958
73.329586 2.3723268 -4.4576863 1535.6154 5.4406755 0.81172633
73.329586 3.6069329 -4.6729783 1376.6501 5.466132 0.78828164
73.329586 6.2613281 -4.8942306 1235.6768 5.4997095 0.75839009
73.329586 10.734045 -5.1403491 1093.7729 5.5339171 0.72910294
73.329586 13.5 -5.2663999 1025.4845 5.5479757 0.71739701
76.280717 1.5270846 -4.1163129 1830.8319 5.4219017 0.84598825
76.280717 2.5018125 -4.3697481 1615.1591 5.4576042 0.81191962
76.280717 3.9181879 -4.6153324 1424.7385 5.4852679 0.78646824
76.280717 6.3452453 -4.8092872 1296.3028 5.5151078 0.7599084
76.280717 10.741169 -5.0555691 1148.7293 5.5514347 0.72878229
76.280717 13.5 -5.1840404 1076.3941 5.5669206 0.71590415
78.087346 1.1101397 -3.8862098 2053.5914 5.4014267 0.87636444
78.087346 1.72706 -4.1099874 1842.2779 5.4365688 0.84161545
78.087346 2.8531081 -4.3514838 1635.7562 5.4715188 0.80842306
78.087346 4.3626125 -4.5793934 1456.1565 5.4973864 0.78470222
78.087346 7.0045995 -4.7776536 1321.4969 5.5270789 0.75833068
78.087346 11.473123 -5.0226436 1172.3036 5.5639647 0.72680138
78.087346 13.5 -5.1161869 1118.574 5.5760066 0.71679474
78.927276 1.4792178 -4.0054985 1940.4524 5.4269177 0.8555837
78.927276 2.5973271 -4.2538012 1720.6715 5.4664002 0.81756297
78.927276 4.0943012 -4.4902753 1526.6202 5.4950065 0.79107577
78.927276 6.3933321 -4.699941 1373.7826 5.5214202 0.7673813
78.927276 10.898613 -4.9517177 1216.4482 5.5618994 0.73243928
78.927276 13.5 -5.0764639 1143.2439 5.5788267 0.71830352
80.272687 1.1630369 -3.8282517 2119.1493 5.4100458 0.87976924
80.272687 1.9324973 -4.0677175 1886.8609 5.4478249 0.84232405
80.272687 3.475655 -4.3080941 1678.9381 5.4853807 0.80668004
80.272687 5.4812892 -4.5352831 1495.9076 5.5120501 0.78228792
80.272687 8.8322592 -4.75202 1344.1012 5.5428958 0.75499447
80.272687 13.5 -4.995068 1193.9205 5.5801175 0.72332405
81.205713 1.6556849 -3.9518131 1999.9741 5.4380773 0.85676639
81.205713 2.8538886 -4.1633832 1805.3375 5.4717835 0.82415584
81.205713 5.1181991 -4.4113906 1596.0839 5.5057801 0.79252144
81.205713 8.4441251 -4.656434 1409.1558 5.5344367 0.76680105
81.205713 13.5 -4.9041588 1251.714 5.576346 0.73068143
81.519717 1.5331534 -3.9020981 2049.775 5.4327656 0.86368681
81.519717 2.6285677 -4.1149774 1848.7558 5.4663384 0.83094049
81.519717 4.8734614 -4.3557895 1642.6248 5.5017857 0.79771222
81.519717 8.0305933 -4.5928722 1456.2065 5.5296069 0.77256613
81.519717 13.23506 -4.8516995 1285.038 5.5712061 0.73643777
81.519717 13.5 -4.8666591 1275.5546 5.5732981 0.73466622
82.097184 1.0208788 -3.7033292 2251.4363 5.4000762 0.89998193
82.097184 1.8084293 -3.9416507 2012.8606 5.4438139 0.85578556
82.097184 3.4250021 -4.1638194 1807.7166 5.4792492 0.82157518
82.097184 6.4703598 -4.4117895 1598.58 5.5136354 0.78968558
82.097184 10.178421 -4.6299755 1430.5081 5.5388452 0.76709524
82.097184 13.5 -4.7685492 1338.8707 5.5624121 0.74656196
82.250721 1.4241339 -3.8339062 2120.3322 5.4272417 0.87308548
82.250721 2.5674828 -4.0634937 1896.8435 5.4633396 0.83754439
82.250721 4.9310026 -4.2769613 1711.3012 5.4979869 0.80479298
82.250721 8.8017908 -4.5297337 1506.0496 5.5288106 0.77673405
82.250721 12.10214 -4.6871043 1391.1185 5.5482807 0.75951665
82.250721 13.5 -4.7400711 1357.3325 5.5585359 0.7506019
82.700808 1.5677982 -3.850523 2105.317 5.4338829 0.86880281
82.700808 2.9664376 -4.0762499 1886.8606 5.469299 0.83409042
82.700808 5.8837037 -4.2860286 1705.1601 5.5031791 0.80218233
82.700808 10.099549 -4.5134726 1519.9506 5.5308804 0.77700258
82.700808 13.253181 -4.6525986 1415.8601 5.5467698 0.76291783
82.700808 13.5 -4.6618173 1409.3208 5.5479467 0.76188481
83.089904 1.1044242 -3.6988577 2259.5212 5.4070517 0.8981648
83.089904 2.11955 -3.9400724 2017.7017 5.4516286 0.8532329
83.089904 4.3391808 -4.1464 1825.9392 5.4844736 0.82157099
83.089904 7.6820473 -4.3235031 1674.7253 5.5114057 0.79648763
83.089904 11.147931 -4.4751921 1551.0545 5.5298287 0.77977187
83.089904 13.5 -4.5654005 1481.3646 5.5401767 0.77053709
83.230118 1.0359716 -3.6688604 2290.5576 5.4014859 0.90470104
83.230118 2.0424529 -3.9173525 2040.4685 5.4491327 0.85640987
83.230118 3.9739975 -4.1108178 1857.7293 5.4796082 0.82688274
83.230118 7.4410239 -4.2848818 1707.8204 5.5075111 0.80074171
83.230118 11.035637 -4.4366215 1582.135 5.5264563 0.78346552
83.230118 13.5 -4.5257817 1512.0075 5.536858 0.7741391
83.584024 1.1583439 -3.6977841 2262.3692 5.4107413 0.89701301
83.584024 2.3784647 -3.9424867 2016.9858 5.4560015 0.85146865
83.584024 4.7603855 -4.1174084 1852.9826 5.4835972 0.82484209
83.584024 8.3476683 -4.2539201 1734.9224 5.5057437 0.80407689
83.584024 12.066963 -4.3769875 1631.7301 5.5222843 0.78890966
83.584024 13.5 -4.4188537 1597.5588 5.5273845 0.78429085
83.915 1.6719566 -3.8099955 2149.8881 5.4360787 0.87294774
83.915 3.5288875 -4.0222275 1940.8822 5.4706439 0.83889112
83.915 6.8619859 -4.1486531 1826.5043 5.4915556 0.81893564
83.915 10.317742 -4.2339226 1752.9778 5.5054479 0.80594169
83.915 13.5 -4.3049985 1693.1685 5.516219 0.79600919
84.205699 1.3593889 -3.7265912 2235.3277 5.4218776 0.88887303
84.205699 2.743496 -3.9366054 2024.7713 5.4600309 0.85067377
84.205699 6.1875976 -4.0888409 1880.2627 5.4836366 0.82786636
84.205699 9.8544118 -4.1551708 1821.7002 5.495 0.81710625
84.205699 13.5 -4.2034389 1780.0459 5.5030852 0.80953551
84.491933 1.8364259 -3.8065884 2155.2564 5.4399796 0.87201833
84.491933 3.9303237 -3.9892762 1974.3798 5.4703944 0.84201182
84.491933 7.0838305 -4.0686298 1899.1751 5.4822852 0.83056338
84.491933 10.353386 -4.0995252 1871.6696 5.4878373 0.82527131
84.491933 13.5 -4.1190772 1854.3959 5.4912824 0.82200452
84.831228 1.1588252 -3.6462151 2319.9527 5.4092675 0.9052153
84.831228 2.6174177 -3.8736322 2089.319 5.454787 0.85899796
84.831228 5.7411907 -4.0040587 1961.2397 5.4753173 0.83893251
84.831228 8.9799184 -4.0360159 1930.8274 5.4801255 0.83430125
84.831228 12.337831 -4.0451837 1922.2683 5.4815756 0.83290957
84.831228 13.5 -4.046407 1921.1409 5.4817797 0.83271389
85.298125 1.6805323 -3.7351969 2230.3784 5.4322307 0.88402015
85.298125 3.8436835 -3.9052799 2059.2796 5.4636608 0.85260355
85.298125 7.1014892 -3.9632621 2002.3878 5.4729744 0.84351014
85.298125 10.479182 -3.9749122 1991.0926 5.4747977 0.84174138
85.298125 13.5 -3.9763464 1989.7607 5.4750694 0.84147813
85.964544 1.4904566 -3.670875 2298.1641 5.4232986 0.89664008
85.964544 3.3870382 -3.8263924 2140.3192 5.455206 0.86429986
85.964544 6.7913078 -3.8810264 2085.7444 5.4649703 0.85463822
85.964544 10.320854 -3.8879978 2078.8545 5.4661937 0.85343533
85.964544 13.5 -3.8878707 2079.0683 5.4662452 0.85338471
86.710749 2.0144049 -3.692152 2279.0327 5.4338073 0.88969387
86.710749 4.9331397 -3.7872601 2182.2119 5.4535008 0.86974878
86.710749 8.6261939 -3.7998157 2169.6656 5.45604 0.86720997
86.710749 11.848024 -3.7998667 2169.7217 5.4561359 0.86711422
86.710749 13.5 -3.7993085 2170.3395 5.4560723 0.86717767
87.528319 2.2193156 -3.6566775 2318.583 5.4322969 0.89543411
87.528319 5.4420198 -3.7138858 2259.8559 5.4449375 0.88249719
87.528319 8.8731201 -3.7175426 2256.2773 5.4458412 0.88157946
87.528319 12.430485 -3.7164237 2257.5631 5.4457119 0.88171067
87.528319 13.5 -3.7159808 2258.058 5.4456499 0.88177367
88.460356 2.3792113 -3.6043574 2376.9861 5.4277928 0.90486902
88.460356 5.8391784 -3.6374736 2342.3139 5.4353828 0.89699646
88.460356 9.0230849 -3.6374003 2342.5552 5.4354885 0.89688729
88.460356 12.224199 -3.6361283 2344.0637 5.4353348 0.89704604
88.460356 13.5 -3.6356017 2344.6858 5.4352691 0.89711389
89.536267 1.3439646 -3.480322 2508.7729 5.4027465 0.93698799
89.536267 3.2621223 -3.5526804 2434.5162 5.4229102 0.91548701
89.536267 6.7051199 -3.5589068 2428.2905 5.4246885 0.91361462
89.536267 10.27482 -3.5575839 2429.8731 5.4244973 0.9138157
89.536267 13.5 -3.5562006 2431.4976 5.4242751 0.9140495
90.759087 1.5254894 -3.4427548 2552.4037 5.4010225 0.94523894
90.759087 3.7125545 -3.4810814 2512.5555 5.4120143 0.93335252
90.759087 7.0063755 -3.4814626 2512.3972 5.4122861 0.93306046
90.759087 10.421409 -3.4800438 2514.1346 5.4120682 0.93329461
90.759087 13.5 -3.4787409 2515.7262 5.4118647 0.93351324
92.210875 1.1377177 -3.3523266 2650.5256 5.3830168 0.97272579
92.210875 2.7472068 -3.4023996 2599.5932 5.3993833 0.95456866
92.210875 6.1941452 -3.4040325 2598.2066 5.4000895 0.95379293
92.210875 9.747397 -3.402557 2600.0427 5.3998412 0.9540656
92.210875 12.931568 -3.4012173 2601.6996 5.3996081 0.95432165
92.210875 13.5 -3.4009778 2601.9957 5.3995664 0.95436751
93.888322 1.1909493 -3.2995655 2709.1545 5.3760923 0.98938978
93.888322 2.8787783 -3.3282898 2680.8054 5.3865426 0.9775574
93.888322 6.4934921 -3.3278339 2681.6287 5.3866202 0.97747003
93.888322 10.241227 -3.3262913 2683.552 5.386323 0.97780453
93.888322 13.5 -3.3249475 2685.2268 5.3860631 0.97809718
95.902851 1.4890131 -3.2450538 2769.3165 5.3689558 1.0081975
95.902851 3.6198206 -3.2522681 2762.6452 5.3719802 1.0046932
95.902851 8.9219514 -3.250235 2765.2324 5.3715731 1.0051641
95.902851 13.5 -3.2484051 2767.539 5.3711917 1.0056056
98.308225 2.3224275 -3.1761572 2842.3971 5.3560662 1.0360235
98.308225 5.6941626 -3.1752766 2843.665 5.3559603 1.0361498
98.308225 13.5 -3.1722761 2847.483 5.3552907 1.0369489
101.20811 1.0803237 -3.093572 2925.6197 5.336239 1.0754642
101.20811 2.6037049 -3.0997292 2920.4921 5.3393488 1.0716206
101.20811 6.3943645 -3.0983683 2922.2914 5.3390578 1.0719797
101.20811 13.5 -3.095703 2925.7666 5.3384572 1.0727212
104.90802 2.308564 -3.0180318 3001.6735 5.3208745 1.1144867
104.90802 5.6612114 -3.0168748 3003.1957 5.3205981 1.1148413
104.90802 13.5 -3.0140721 3006.8355 5.3198996 1.1157382
109.4315 1.2348215 -2.9355508 3078.0874 5.300397 1.1654146
109.4315 2.9921827 -2.9355795 3078.4324 5.3006205 1.1651148
109.4315 7.3650597 -2.9340456 3080.4458 5.3002223 1.1656489
109.4315 13.5 -2.9318738 3083.288 5.2996527 1.1664137
114.70213 2.2306747 -2.8552225 3148.8878 5.2800029 1.2214961
114.70213 5.472877 -2.8540979 3150.3743 5.2796981 1.2219248
114.70213 13.5 -2.8512527 3154.0907 5.278901 1.2230466
121.22594 1.4894394 -2.7720394 3216.5055 5.2577523 1.2883368
121.22594 3.6340755 -2.7713299 3217.4541 5.257555 1.2886295
121.22594 8.9706164 -2.7694549 3219.8706 5.2569842 1.2894765
121.22594 13.5 -2.7677982 3221.9549 5.2564517 1.2902673
128.94233 1.2682478 -2.6885171 3280.5459 5.2352772 1.363537
128.94233 3.0893645 -2.6879086 3281.361 5.2351003 1.3638148
128.94233 7.6208857 -2.6862334 3283.4721 5.2345424 1.364691
128.94233 13.5 -2.6838338 3286.3482 5.2336637 1.3660722
138.13239 1.5649166 -2.6055045 3336.7904 5.2116959 1.4501322
138.13239 3.8265224 -2.6046931 3337.7569 5.2113875 1.4506471
138.13239 9.4541213 -2.602347 3340.283 5.2103557 1.4523714
138.13239 13.5 -2.6003585 3342.2184 5.2093734 1.4540148
149.1417 1.8564832 -2.5173563 3396.6565 5.187742 1.5489462
149.1417 4.5505139 -2.5160028 3398.2735 5.1872153 1.5498856
149.1417 11.254124 -2.5115046 3402.7765 5.1850175 1.5538123
149.1417 13.5 -2.5096498 3404.4358 5.1840096 1.5556165
161.2787 1.1499416 -2.4283529 3463.3453 5.1664932 1.6506298
161.2787 2.796206 -2.4272463 3464.8494 5.1661409 1.6512995
161.2787 6.8926388 -2.4234439 3469.1895 5.1645131 1.654397
161.2787 13.5 -2.4149804 3476.8173 5.159865 1.663274
174.0991 2.2581756 -2.3388001 3541.5765 5.1489632 1.7499451
174.0991 5.5569757 -2.3356967 3543.1446 5.1466289 1.7546545
174.0991 13.5 -2.3243535 3546.7365 5.1370458 1.7741205
188.24546 1.50928 -2.2706086 3572.0456 5.1295812 1.8607132
188.24546 3.69672 -2.2682697 3573.1138 5.1277617 1.864615
188.24546 9.1397705 -2.2589418 3575.5743 5.1196296 1.8821543
188.24546 13.5 -2.2508 3577.2734 5.1123132 1.8980753
207.47822 1.213456 -2.1895147 3605.6445 5.1069989 2.0049087
207.47822 2.9642164 -2.1869172 3606.3826 5.104757 2.0100901
207.47822 7.3206685 -2.1767621 3607.7495 5.0952602 2.0321882
207.47822 13.5 -2.1630518 3609.0663 5.0821839 2.0630136
229.39634 2.2601936 -2.1065835 3636.4827 5.0824762 2.1685175
229.39634 5.5723641 -2.0961113 3636.9228 5.0722142 2.1942895
229.39634 13.5 -2.076068 3637.3741 5.0523865 2.2449557
254.59426 1.0457593 -2.0274002 3666.2493 5.0627169 2.3370802
254.59426 2.5537425 -2.0217766 3666.2904 5.0571127 2.3522079
254.59426 6.3060874 -2.006209 3665.5946 5.0412154 2.3956554
254.59426 13.5 -1.9884828 3665.0773 5.0232441 2.4457386
283.21695 1.0599322 -1.9447359 3696.4352 5.0405676 2.5286201
283.21695 2.5925089 -1.9357463 3695.7204 5.0312421 2.5559145
283.21695 6.4060501 -1.9175075 3693.8812 5.0121385 2.6127518
283.21695 13.5 -1.900971 3694.126 4.9957171 2.6626178
