# mass_Mjup age_Gyr logL_Lsun Teff_K logg_cgs radius_Rjup
62.853931 1.3046189 -4.392816 1572.8658 5.3504952 0.83373181
62.853931 1.9596619 -4.6255605 1396.6389 5.3768096 0.80885225
62.853931 3.0019944 -4.8362634 1254.2022 5.4006463 0.78695675
62.853931 5.2840475 -5.0635073 1119.9188 5.431166 0.75978549
62.853931 8.6946106 -5.3002543 991.96606 5.4571541 0.73738949
62.853931 13.020299 -5.5236042 881.96235 5.476317 0.7212993
62.853931 13.5 -5.5485432 870.18534 5.4779028 0.71998355
66.778767 1.5001175 -4.3802836 1596.2838 5.3899425 0.82121282
66.778767 2.2650698 -4.6182601 1413.7035 5.4169119 0.79610623
66.778767 3.4752756 -4.8338497 1265.9644 5.4407542 0.77455073
66.778767 6.1602266 -5.0611676 1130.701 5.4717773 0.74737459
66.778767 9.9472106 -5.2978782 1001.1236 5.4970476 0.72594411
66.778767 13.5 -5.4590216 920.28807 5.5119352 0.71360742
70.787067 1.2562238 -4.1983394 1760.4194 5.403338 0.83256035
70.787067 1.9975841 -4.4429581 1559.2849 5.437194 0.80073298
70.787067 3.0150235 -4.683599 1377.9443 5.4630596 0.77723959
70.787067 4.7135757 -4.8846359 1244.7835 5.4875452 0.75563509
70.787067 8.2170659 -5.1162655 1108.9912 5.5185119 0.72916997
70.787067 12.760032 -5.3517935 981.24599 5.5414391 0.71017467
70.787067 13.5 -5.3808721 966.53307 5.544273 0.70786141
73.329586 1.4072627 -4.1949872 1771.845 5.4265495 0.82503554
73.329586 2.2525014 -4.440002 1569.4399 5.4608402 0.79309883
73.329586 3.4125448 -4.682841 1385.5015 5.4871283 0.76945501
73.329586 5.3476454 -4.8845185 1251.5307 5.5121439 0.74761062
73.329586 9.2441739 -5.1220953 1111.46 5.5435301 0.72107817
73.329586 13.5 -5.3389184 992.4616 5.5636326 0.70458128
76.372141 1.3566208 -4.0915562 1874.058 5.4382034 0.8307561
76.372141 2.2041834 -4.3349846 1663.4117 5.4744988 0.79675696
76.372141 3.4376128 -4.5847608 1466.0403 5.5048595 0.76938816
76.372141 5.3503701 -4.8201246 1299.6815 5.5309874 0.74658891
76.372141 8.7709852 -5.0295087 1171.9796 5.5607039 0.72147833
76.372141 13.5 -5.2720488 1033.9623 5.5855827 0.70110634
78.502992 1.3558111 -4.0234729 1943.9945 5.4457194 0.83500905
78.502992 2.2637771 -4.2710466 1723.214 5.4838698 0.79912728
78.502992 3.5908139 -4.5179146 1523.2382 5.5164522 0.7697058
78.502992 5.3143615 -4.7374434 1361.8966 5.5414863 0.74783837
78.502992 8.4821986 -4.956665 1220.8815 5.5708254 0.72299982
78.502992 13.372908 -5.2051189 1075.5758 5.5991494 0.6998036
78.502992 13.5 -5.2183973 1067.7194 5.5996921 0.69936646
79.404428 1.1329319 -3.9021566 2064.7307 5.4340351 0.85116271
79.404428 1.8328293 -4.1344204 1845.0592 5.4708865 0.81580602
79.404428 3.0153409 -4.3755931 1639.2762 5.5066265 0.78291913
79.404428 4.5828547 -4.6166761 1450.6537 5.5353559 0.75744693
79.404428 7.139085 -4.8485481 1290.2604 5.5636824 0.73314343
79.404428 11.311006 -5.0755236 1152.1567 5.5939946 0.70799929
79.404428 13.5 -5.179992 1091.8202 5.6050214 0.69906803
81.175873 1.653195 -4.0130874 1962.5507 5.466378 0.82914835
81.175873 2.8928129 -4.2621464 1739.0013 5.5053531 0.79276543
81.175873 4.7275122 -4.5253808 1524.8105 5.5402513 0.76154505
81.175873 7.0771198 -4.7556524 1357.1558 5.5681782 0.73744925
81.175873 11.151147 -5.0011944 1200.4105 5.6005206 0.71049489
81.175873 13.5 -5.1166874 1131.8373 5.6138305 0.69969057
82.381001 1.1119034 -3.7795546 2200.5502 5.4380869 0.8629345
82.381001 1.8987146 -4.0150848 1964.5718 5.4765636 0.8255426
82.381001 3.3883938 -4.2581792 1746.2449 5.515007 0.78980126
82.381001 5.5839463 -4.5288013 1525.4325 5.5507804 0.75793352
82.381001 8.3078015 -4.764537 1354.6021 5.5801911 0.73269925
82.381001 12.351872 -4.9991915 1204.6193 5.6109979 0.70716756
82.381001 13.5 -5.058781 1168.4988 5.6177012 0.70173104
82.768975 1.2221395 -3.8046404 2175.9203 5.4456601 0.85745537
82.768975 2.1620688 -4.0447408 1938.0039 5.4846071 0.81985686
82.768975 4.013805 -4.3056432 1707.3761 5.5254076 0.78223594
82.768975 6.0378384 -4.5401238 1517.6601 5.5552695 0.75579983
82.768975 8.9905711 -4.7807024 1344.7872 5.5857643 0.72972529
82.768975 13.172177 -5.0157231 1195.4998 5.6163688 0.70446133
82.768975 13.5 -5.0344816 1183.9675 5.6182884 0.70290615
83.723686 1.7615116 -3.9113097 2070.2498 5.4708292 0.83775564
83.723686 3.447952 -4.1588977 1837.0507 5.5108107 0.8000674
83.723686 5.9373195 -4.4129327 1621.6746 5.548216 0.76634431
83.723686 8.6248084 -4.6555733 1434.1057 5.5773263 0.74108627
83.723686 12.369803 -4.8938081 1273.6398 5.6094231 0.71420089
83.723686 13.5 -4.9570866 1233.6245 5.617247 0.70779657
84.314964 1.4109052 -3.7929601 2193.27 5.4558133 0.85536891
84.314964 2.6626767 -4.0208825 1965.2299 5.4930207 0.81950149
84.314964 5.1949186 -4.2673157 1744.5904 5.5325743 0.78302016
84.314964 7.8962754 -4.5053946 1549.0411 5.5641311 0.75508277
84.314964 11.157544 -4.7424487 1375.3658 5.5946064 0.72904932
84.314964 13.5 -4.8890575 1277.7675 5.6133496 0.71348574
84.538643 1.2323736 -3.7298694 2260.4656 5.4462963 0.86593887
84.538643 2.3375682 -3.9619631 2022.5717 5.4852142 0.82799616
84.538643 4.6283576 -4.1920491 1810.3152 5.5227013 0.79302113
84.538643 7.95635 -4.4664805 1580.6691 5.5614797 0.75839517
84.538643 11.138168 -4.7005574 1404.9834 5.5908776 0.7331564
84.538643 13.5 -4.8523769 1302.0548 5.6105294 0.71675499
85.055912 1.332679 -3.7341305 2257.7275 5.4511012 0.86379245
85.055912 2.5340699 -3.949209 2036.826 5.4873093 0.82852451
85.055912 5.5235148 -4.189589 1814.1706 5.5265861 0.79189383
85.055912 9.0695789 -4.4371339 1605.8476 5.5622358 0.76004989
85.055912 12.290281 -4.6641004 1431.8887 5.5900221 0.73612057
85.055912 13.5 -4.7401317 1378.9729 5.6006393 0.72717744
85.380178 1.2397723 -3.6916273 2304.3006 5.445721 0.87081483
85.380178 2.5890413 -3.9278605 2059.0912 5.4865001 0.83087611
85.380178 5.9464543 -4.1628811 1838.9812 5.5251274 0.79473551
85.380178 10.061324 -4.4134461 1625.9768 5.5618406 0.76184388
85.380178 13.5 -4.6457252 1445.5377 5.58978 0.73772805
85.497192 1.0701316 -3.6275439 2375.4088 5.4350293 0.88220404
85.497192 2.0144566 -3.8456972 2142.9671 5.4742911 0.84321464
85.497192 4.1873995 -4.0448517 1946.8054 5.5066738 0.81235673
85.497192 7.4599519 -4.2278456 1782.1692 5.5361733 0.78523032
85.497192 10.852934 -4.4298536 1612.9946 5.5649173 0.75967016
85.497192 13.5 -4.6091711 1472.3448 5.5857412 0.74167409
85.708955 1.2579483 -3.6802428 2317.9865 5.4462927 0.87191574
85.708955 2.6463296 -3.9067246 2081.4261 5.4857749 0.83316958
85.708955 6.1010667 -4.1146606 1883.4667 5.5200987 0.80088755
85.708955 9.7792042 -4.2912085 1728.6502 5.5476432 0.77588842
85.708955 13.5 -4.5131959 1546.624 5.5763412 0.7506721
85.813135 1.5646783 -3.7481659 2245.449 5.4595126 0.85926743
85.813135 3.366722 -3.9585559 2030.0873 5.4947487 0.82510706
85.813135 6.6013007 -4.119725 1879.2131 5.521763 0.79984007
85.813135 9.9549119 -4.266635 1749.881 5.5448029 0.77890268
85.813135 13.431936 -4.4554693 1593.1304 5.5706085 0.75610202
85.813135 13.5 -4.4599749 1589.4691 5.5711171 0.75565947
86.008884 1.3130827 -3.6797999 2319.5373 5.4485288 0.87119428
86.008884 2.7097076 -3.8875175 2101.9337 5.485117 0.83525857
86.008884 6.184957 -4.0658937 1929.2219 5.5145458 0.80743303
86.008884 9.3829265 -4.1813083 1824.7192 5.5332159 0.79026274
86.008884 12.59818 -4.3084732 1714.9801 5.552633 0.77279257
86.008884 13.5 -4.3512237 1679.0617 5.5586137 0.76748972
86.188881 1.1414591 -3.6185834 2387.7935 5.4386019 0.88212975
86.188881 2.2388502 -3.8250596 2166.4956 5.4761223 0.84483571
86.188881 4.9695104 -3.9966168 1994.3451 5.5038494 0.81829273
86.188881 8.4245951 -4.101027 1897.644 5.5219174 0.80144683
86.188881 12.006827 -4.2048311 1804.4623 5.5382537 0.78651416
86.188881 13.5 -4.2524398 1763.2364 5.5457133 0.77978832
86.371094 1.6259432 -3.7275625 2269.2318 5.4600264 0.86154662
86.371094 3.4763504 -3.9092905 2081.0132 5.4913384 0.83104163
86.371094 6.7977391 -4.0206665 1972.4366 5.5096273 0.81372629
86.371094 10.241355 -4.0934684 1905.2193 5.5221968 0.80203551
86.371094 13.5 -4.1606918 1844.3 5.5329666 0.79215225
86.569696 1.4177344 -3.6739241 2328.004 5.451805 0.87073943
86.569696 3.1696897 -3.8700867 2121.4824 5.4865905 0.8365569
86.569696 6.3143623 -3.9781568 2013.5477 5.5039505 0.82000302
86.569696 9.5747589 -4.027124 1967.1428 5.5124135 0.8120522
86.569696 12.955138 -4.0663092 1930.909 5.5193025 0.80563712
86.569696 13.5 -4.0724323 1925.2611 5.5203369 0.8046783
86.794716 1.2877247 -3.6305116 2376.8182 5.4455689 0.87815259
86.794716 2.6511347 -3.8157876 2178.0317 5.4791177 0.84488102
86.794716 6.0437349 -3.939351 2052.3181 5.4994031 0.82537794
86.794716 9.6557176 -3.978074 2014.5486 5.5058583 0.8192666
86.794716 12.892519 -3.9937523 1999.4265 5.5084475 0.8168281
86.794716 13.5 -3.9955604 1997.7226 5.5087745 0.8165206
87.087436 1.1468185 -3.5784896 2435.1392 5.4371205 0.88822972
87.087436 2.5503957 -3.7830987 2212.9103 5.4754896 0.84984701
87.087436 6.042945 -3.8966276 2096.2551 5.4949398 0.83102797
87.087436 9.256834 -3.9219545 2070.7645 5.499013 0.82714001
87.087436 12.488093 -3.928493 2064.2802 5.5001032 0.82610245
87.087436 13.5 -3.9291415 2063.6629 5.5002321 0.82597987
87.528155 2.0204932 -3.7042591 2298.066 5.4644369 0.86290541
87.528155 4.8806226 -3.8222546 2173.8631 5.4859112 0.84183318
87.528155 8.4995239 -3.8501666 2145.2211 5.4907827 0.83712496
87.528155 12.251601 -3.8538788 2141.5025 5.491481 0.83645224
87.528155 13.5 -3.8537806 2141.6414 5.4914955 0.83643825
88.093335 1.3195966 -3.5672617 2451.1233 5.4422455 0.88808915
88.093335 3.1690677 -3.7271185 2275.5694 5.473002 0.85719237
88.093335 6.4887762 -3.7680113 2232.2657 5.4805181 0.84980691
88.093335 9.93065 -3.7719115 2228.2768 5.4813113 0.84903124
88.093335 13.499185 -3.7707927 2229.5867 5.4812133 0.84912698
88.093335 13.5 -3.7707923 2229.5872 5.4812133 0.84912702
88.735982 1.3776494 -3.5441586 2478.9407 5.441903 0.89167415
88.735982 3.3555695 -3.6759341 2333.4578 5.4686138 0.86467068
88.735982 6.9058376 -3.697286 2310.0731 5.4724688 0.86084165
88.735982 10.586756 -3.6967632 2310.8134 5.4725026 0.86080814
88.735982 13.5 -3.6954277 2312.4141 5.47237 0.86093955
89.511872 1.3163213 -3.4943452 2536.9909 5.4360816 0.90158632
89.511872 3.2022174 -3.6067969 2412.7783 5.4613273 0.87575866
89.511872 6.5873072 -3.6234441 2394.5384 5.4647921 0.87227223
89.511872 10.096968 -3.6225123 2395.7598 5.4647461 0.87231838
89.511872 13.5 -3.6207988 2397.8412 5.4645412 0.87252421
90.420121 1.2889861 -3.4468242 2592.3782 5.4304628 0.91202956
90.420121 3.1334337 -3.535235 2494.9112 5.4523006 0.88938546
90.420121 6.4441253 -3.5442879 2485.103 5.4545106 0.88712535
90.420121 9.8766504 -3.542829 2486.942 5.4543368 0.8873029
90.420121 13.435492 -3.5409406 2489.2662 5.4540712 0.8875743
90.420121 13.5 -3.5409062 2489.3086 5.4540663 0.88757927
91.413096 2.4095491 -3.4567766 2585.148 5.4403068 0.90668952
91.413096 5.9214096 -3.4695588 2571.4247 5.4438426 0.90300612
91.413096 9.1530692 -3.4681034 2573.2666 5.443631 0.90322606
91.413096 12.402195 -3.4663502 2575.4363 5.443342 0.90352669
91.413096 13.5 -3.4657556 2576.1719 5.4432435 0.90362916
92.553717 1.1122905 -3.3318879 2725.4338 5.4126045 0.94189493
92.553717 2.6924305 -3.3923688 2659.8916 5.4307985 0.92237056
92.553717 6.0765137 -3.395563 2656.7038 5.4319096 0.92119151
92.553717 9.5851311 -3.3937581 2658.9984 5.4316043 0.92151528
92.553717 13.5 -3.3916805 2661.6289 5.4312445 0.92189709
93.888446 1.7208454 -3.3116696 2752.135 5.4155408 0.94546062
93.888446 4.2066111 -3.3230072 2740.1868 5.4193202 0.94135571
93.888446 7.9502891 -3.3212694 2742.4628 5.4190247 0.941676
93.888446 10.983745 -3.3196947 2744.4878 5.4187321 0.94199325
93.888446 13.5 -3.3183883 2746.1682 5.4184891 0.94225683
95.43366 1.3860914 -3.238459 2835.3819 5.4011869 0.96909222
95.43366 3.3726582 -3.251597 2821.8591 5.40602 0.96371487
95.43366 6.9384468 -3.2500541 2823.9263 5.4057493 0.9640153
95.43366 10.635456 -3.2481904 2826.3476 5.4053744 0.96443147
95.43366 13.5 -3.246747 2828.2231 5.4050834 0.96475462
97.314686 2.2345922 -3.178334 2903.9289 5.3910364 0.99009933
97.314686 5.4835524 -3.1775783 2905.1875 5.3910335 0.99010267
97.314686 11.315274 -3.1747224 2908.9973 5.3904542 0.99076324
97.314686 13.5 -3.1736529 2910.4246 5.3902368 0.99101125
99.544461 1.1934693 -3.0994689 2991.4654 5.3736021 1.0216809
99.544461 2.8933963 -3.1054389 2985.8694 5.3763193 1.0184897
99.544461 7.1233589 -3.1034985 2988.5052 5.3759118 1.0189677
99.544461 13.5 -3.1004872 2992.5634 5.3752579 1.0197351
102.22668 1.5604987 -3.0330519 3061.691 5.3590417 1.0528562
102.22668 3.8065596 -3.0329471 3062.199 5.3592251 1.0526339
102.22668 9.395478 -3.0305137 3065.391 5.3586015 1.0533899
102.22668 13.5 -3.0287254 3067.7352 5.3581412 1.0539483
105.75216 1.0986976 -2.9542512 3139.9817 5.338829 1.096069
105.75216 2.6587223 -2.9555706 3139.2356 5.3397356 1.0949256
105.75216 6.5405629 -2.9539764 3141.3473 5.3393096 1.0954628
105.75216 13.5 -2.9510972 3145.1485 5.3385312 1.0964448
110.27098 2.0181487 -2.8739165 3215.9805 5.3182114 1.1461268
110.27098 4.9483452 -2.8727758 3217.5008 5.3178917 1.1465487
110.27098 12.239612 -2.8698728 3221.3335 5.3170569 1.1476513
110.27098 13.5 -2.8693661 3222.0003 5.3169097 1.1478458
115.78871 1.5257271 -2.7911997 3288.6217 5.2955018 1.2055633
115.78871 3.7263334 -2.7903763 3289.7444 5.2952712 1.2058833
115.78871 9.2021463 -2.7882146 3292.6129 5.2946237 1.2067826
115.78871 13.5 -2.7864728 3294.8948 5.2940854 1.2075308
122.42773 1.0544925 -2.708461 3355.5791 5.2719908 1.2736563
122.42773 2.5582326 -2.7080147 3356.277 5.2719058 1.273781
122.42773 6.3000193 -2.7065507 3358.2089 5.2714415 1.2744621
122.42773 13.5 -2.7035482 3362.0108 5.2704046 1.2759845
130.43381 1.1076857 -2.6243232 3419.5885 5.2481889 1.3511651
130.43381 2.6961452 -2.623743 3420.3809 5.2480112 1.3514415
130.43381 6.6487409 -2.6221065 3422.4352 5.2474177 1.3523653
130.43381 13.5 -2.6188473 3426.1787 5.2460576 1.3544845
139.88599 2.3377627 -2.5409035 3476.1318 5.2236427 1.4393735
139.88599 5.7569481 -2.5393824 3477.8211 5.2229657 1.440496
139.88599 13.5 -2.5348771 3481.9966 5.2205448 1.4445165
151.14257 1.0183228 -2.4546735 3533.1292 5.1992785 1.5387282
151.14257 2.472959 -2.4539247 3534.0736 5.198994 1.5392323
151.14257 6.0925594 -2.4515013 3536.6517 5.1978374 1.5412834
151.14257 13.5 -2.4442715 3542.8408 5.1936449 1.5487407
163.56629 1.5835161 -2.3662717 3598.5281 5.1770453 1.6422227
163.56629 3.881697 -2.3641546 3601.0454 5.1761428 1.6439297
163.56629 9.6003064 -2.3559539 3608.804 5.1716809 1.6523962
163.56629 13.5 -2.3491482 3613.9605 5.1673557 1.6606451
176.62693 1.1225778 -2.2791547 3673.932 5.1593162 1.7417192
176.62693 2.7378037 -2.277719 3674.8431 5.1583113 1.7437355
176.62693 6.7570024 -2.2717934 3677.0114 5.1534103 1.7536022
176.62693 13.5 -2.2589654 3680.5559 5.1422561 1.7762667
191.10935 1.6928447 -2.2099275 3704.4167 5.1386688 1.8553008
191.10935 4.1593481 -2.2058924 3705.7139 5.135242 1.8626349
191.10935 10.296798 -2.1918371 3708.5606 5.1225207 1.8901157
191.10935 13.5 -2.1849889 3709.7959 5.116251 1.9038084
210.68639 2.2570261 -2.128205 3736.121 5.1141054 2.0038875
210.68639 5.5664405 -2.1185866 3737.3496 5.105058 2.0248693
210.68639 13.5 -2.0982061 3739.2693 5.0855697 2.0708144
233.24506 1.0053684 -2.0497265 3765.2784 5.0933074 2.1595352
233.24506 2.4551345 -2.0450858 3765.7146 5.088868 2.1706011
233.24506 5.5600043 -2.0324172 3766.083 5.0763693 2.2020611
233.24506 8.7791334 -2.0216547 3766.3209 5.0657165 2.2292345
233.24506 12.116726 -2.0134112 3766.6259 5.0576137 2.2501275
233.24506 13.5 -2.0106272 3766.7745 5.0548983 2.2571731
